2.160930e+03 1.654909e-02 3.403640e-02
2.176604e+03 1.006140e-02 3.074572e-02
2.192637e+03 -1.186262e-03 3.105980e-02
2.209012e+03 -5.437146e-03 2.800419e-02
2.225729e+03 -1.347143e-03 2.823796e-02
2.242803e+03 -2.574652e-03 2.589100e-02
2.260244e+03 -7.821691e-03 2.448756e-02
2.278067e+03 -7.757632e-03 2.574137e-02
2.296285e+03 -8.100497e-03 2.345595e-02
2.314908e+03 -1.111410e-02 1.919656e-02
2.333951e+03 -1.236908e-02 1.909278e-02
2.353426e+03 -1.786218e-02 1.953658e-02
2.373345e+03 -4.228733e-03 1.927127e-02
2.393756e+03 1.298843e-02 2.204664e-02
2.414656e+03 4.590314e-03 1.948078e-02
2.436045e+03 -8.198290e-04 1.637644e-02
2.457934e+03 3.824065e-03 1.524739e-02
2.480334e+03 1.413947e-03 1.528327e-02
2.503323e+03 2.272149e-03 1.573557e-02
2.526882e+03 3.827207e-03 1.469153e-02
2.550994e+03 4.399306e-03 1.247474e-02
2.575740e+03 7.738786e-03 1.287886e-02
2.601118e+03 7.491319e-03 1.262601e-02
2.627110e+03 4.957379e-03 1.115840e-02
2.653828e+03 -2.079355e-03 1.072901e-02
2.681186e+03 -8.069981e-03 1.119034e-02
2.709312e+03 -9.370727e-03 1.047805e-02
2.738150e+03 -4.049573e-03 1.021259e-02
2.767748e+03 1.755084e-03 9.987397e-03
2.798171e+03 -1.899914e-03 8.888169e-03
2.829387e+03 -6.490744e-03 9.357752e-03
2.861432e+03 -7.252411e-03 9.826858e-03
2.894359e+03 -3.956732e-03 9.799116e-03
2.928197e+03 -2.446414e-03 8.525382e-03
2.962951e+03 -1.638676e-03 8.187681e-03
2.998650e+03 1.862886e-03 9.228975e-03
3.035321e+03 5.580180e-04 8.993767e-03
3.072990e+03 -8.110008e-04 8.405950e-03
3.111685e+03 3.043302e-03 8.464366e-03
3.151460e+03 5.114210e-03 9.585949e-03
3.192304e+03 1.420708e-03 8.223057e-03
3.234230e+03 5.396063e-04 8.150893e-03
3.277296e+03 6.103120e-04 8.098699e-03
3.321507e+03 1.231388e-03 8.191287e-03
3.366873e+03 7.940672e-04 7.546474e-03
3.413423e+03 -3.702015e-03 6.811595e-03
3.461176e+03 -5.527777e-03 6.255937e-03
3.510118e+03 -1.874788e-03 6.428653e-03
3.560275e+03 2.799585e-03 6.343654e-03
3.611669e+03 2.170198e-03 6.205010e-03
3.664277e+03 1.136945e-03 6.004314e-03
3.718101e+03 7.152315e-04 5.733161e-03
3.773133e+03 1.251832e-03 5.781599e-03
3.829363e+03 3.395208e-03 5.756602e-03
3.886784e+03 3.814530e-03 5.282742e-03
3.945378e+03 5.184686e-03 5.320158e-03
4.005104e+03 4.790518e-03 5.016221e-03
4.065939e+03 1.988244e-03 4.912797e-03
4.127867e+03 1.581552e-03 4.910987e-03
4.190820e+03 2.226344e-03 4.565416e-03
4.254791e+03 3.645428e-03 4.693418e-03
4.319705e+03 4.027205e-03 4.359521e-03
4.385532e+03 3.665530e-03 4.583319e-03
4.452219e+03 5.305174e-03 4.624085e-03
4.519705e+03 7.340568e-03 4.887145e-03
4.587939e+03 8.539432e-03 4.958833e-03
4.656871e+03 8.649472e-03 4.982725e-03
4.726435e+03 7.216216e-03 4.733973e-03
4.796579e+03 4.698990e-03 4.769248e-03
4.867237e+03 3.365996e-03 4.852318e-03
4.938356e+03 3.778087e-03 4.719097e-03
5.009881e+03 2.909417e-03 4.535434e-03
5.081755e+03 3.874592e-03 4.427703e-03
5.153924e+03 5.237968e-03 4.387429e-03
5.226335e+03 4.218108e-03 4.302303e-03
5.298935e+03 5.238590e-03 4.335093e-03
5.371683e+03 5.647136e-03 4.294967e-03
5.444529e+03 3.301253e-03 4.173547e-03
5.517428e+03 4.189613e-03 4.411151e-03
5.590338e+03 9.583388e-03 4.382339e-03
5.663230e+03 1.048164e-02 4.031183e-03
5.736058e+03 7.315492e-03 4.352860e-03
5.808795e+03 4.545545e-03 4.649236e-03
5.881406e+03 3.805131e-03 4.651338e-03
5.953863e+03 6.163530e-03 4.513383e-03
6.026144e+03 5.918962e-03 4.644410e-03
6.098223e+03 3.627083e-03 5.136731e-03
6.170076e+03 2.500821e-03 4.956835e-03
6.241683e+03 1.601669e-03 4.726606e-03
6.313032e+03 2.189431e-03 4.138080e-03
6.384101e+03 4.003225e-03 4.036819e-03
6.454878e+03 3.524123e-03 4.039165e-03
6.525349e+03 1.973182e-03 4.276627e-03
6.595504e+03 3.389040e-03 4.018712e-03
6.665331e+03 3.433470e-03 3.897983e-03
6.734824e+03 2.498606e-03 3.701742e-03
6.803975e+03 2.305326e-03 3.625854e-03
6.872781e+03 3.149951e-03 3.782182e-03
6.941227e+03 3.516111e-03 3.857372e-03
7.009313e+03 3.048712e-03 3.686425e-03
7.077036e+03 3.322542e-03 3.658152e-03
7.144396e+03 3.610319e-03 3.520828e-03
7.211388e+03 2.919348e-03 3.243721e-03
7.278007e+03 2.885576e-03 3.509105e-03
7.344255e+03 5.284243e-03 4.202231e-03
7.410137e+03 4.459139e-03 4.322149e-03
7.475640e+03 3.105808e-03 4.165305e-03
7.540777e+03 4.933738e-03 4.179004e-03
7.605543e+03 4.631544e-03 3.896423e-03
7.669935e+03 2.976635e-03 3.876613e-03
7.733968e+03 3.898736e-03 3.630435e-03
7.797626e+03 6.204070e-03 3.202641e-03
7.860924e+03 7.159417e-03 3.062734e-03
7.923860e+03 6.927090e-03 3.280517e-03
7.986439e+03 4.998743e-03 3.453575e-03
8.048655e+03 3.210313e-03 3.425452e-03
8.110522e+03 3.998015e-03 3.509091e-03
8.172032e+03 4.710212e-03 3.520089e-03
8.233194e+03 3.497565e-03 3.631659e-03
8.294014e+03 1.860437e-03 3.514159e-03
8.354489e+03 2.022363e-03 3.432989e-03
8.414629e+03 1.413355e-03 3.572492e-03
8.474428e+03 2.008216e-03 3.466196e-03
8.533896e+03 2.589061e-03 3.471633e-03
8.593032e+03 2.033179e-03 3.644641e-03
8.651849e+03 2.580467e-03 3.622148e-03
8.710335e+03 4.814443e-03 3.353912e-03
8.768504e+03 6.297064e-03 3.077324e-03
8.826360e+03 4.613015e-03 2.909662e-03
8.883906e+03 3.632754e-03 3.272549e-03
8.941137e+03 3.113275e-03 3.495803e-03
8.998065e+03 2.786491e-03 3.607359e-03
9.054691e+03 3.498346e-03 3.576520e-03
9.111018e+03 3.520561e-03 3.944926e-03
9.167050e+03 3.392020e-03 3.986670e-03
9.222791e+03 3.659912e-03 3.886037e-03
9.278245e+03 4.687102e-03 3.444840e-03
9.333414e+03 5.837058e-03 3.240949e-03
9.388299e+03 4.776135e-03 3.452999e-03
9.442903e+03 3.070479e-03 3.497554e-03
9.497234e+03 2.587499e-03 3.583979e-03
9.551291e+03 3.857411e-03 3.639698e-03
9.605079e+03 3.480502e-03 3.664716e-03
9.658601e+03 2.143505e-03 3.340854e-03
9.711863e+03 2.788154e-03 3.237496e-03
9.764863e+03 3.435563e-03 3.150894e-03
9.817604e+03 4.342480e-03 3.254068e-03
9.870090e+03 5.012143e-03 3.293055e-03
9.922327e+03 3.281809e-03 3.404596e-03
9.974317e+03 2.726400e-03 3.290099e-03
1.002606e+04 3.672319e-03 3.412800e-03
1.007756e+04 2.932761e-03 3.401555e-03
1.012883e+04 3.061050e-03 3.194987e-03
1.017985e+04 3.155848e-03 3.446041e-03
1.023064e+04 2.123383e-03 3.418060e-03
1.028120e+04 1.827575e-03 3.298006e-03
1.033153e+04 1.964251e-03 3.334204e-03
1.038163e+04 2.678466e-03 3.334132e-03
1.043151e+04 1.461965e-03 3.247571e-03
1.048117e+04 -1.562373e-04 3.361890e-03
1.053061e+04 5.356596e-04 3.462256e-03
1.057983e+04 2.282086e-03 3.409181e-03
1.062884e+04 3.068759e-03 3.241725e-03
1.067764e+04 2.441010e-03 3.252820e-03
1.072622e+04 2.281952e-03 3.118854e-03
1.077460e+04 1.721195e-03 3.255486e-03
1.082278e+04 1.938749e-03 3.283319e-03
1.087075e+04 2.884358e-03 3.258154e-03
1.091852e+04 2.663939e-03 3.113041e-03
1.096610e+04 3.143671e-03 3.012566e-03
1.101347e+04 3.723802e-03 3.154772e-03
1.106066e+04 2.739109e-03 3.107298e-03
1.110764e+04 2.859002e-03 3.216026e-03
1.115445e+04 2.914738e-03 3.271757e-03
1.120106e+04 2.075147e-03 3.135034e-03
1.124749e+04 3.277228e-03 3.386004e-03
1.129373e+04 3.737374e-03 3.316223e-03
1.133979e+04 2.808565e-03 3.252022e-03
1.138567e+04 1.506058e-03 3.480668e-03
1.143137e+04 7.502286e-04 3.594963e-03
1.147690e+04 -1.199232e-04 3.734352e-03
1.152224e+04 3.681307e-04 3.324332e-03
1.156742e+04 1.996801e-03 3.262928e-03
1.161242e+04 2.141788e-03 3.098343e-03
1.165726e+04 1.531022e-03 2.825000e-03
1.170192e+04 9.314279e-04 2.423386e-03
1.174643e+04 1.745706e-03 2.590672e-03
1.179076e+04 3.535982e-03 2.808150e-03
1.183494e+04 3.533144e-03 3.134375e-03
1.187894e+04 3.167796e-03 3.332319e-03
1.192280e+04 3.468912e-03 3.084099e-03
1.196649e+04 3.178866e-03 3.089634e-03
1.201003e+04 2.286522e-03 3.181613e-03
1.205340e+04 1.444394e-03 3.123016e-03
1.209663e+04 1.703694e-03 2.986346e-03
1.213971e+04 1.865396e-03 3.131300e-03
1.218263e+04 2.183240e-03 3.111743e-03
1.222540e+04 2.389545e-03 2.924891e-03
1.226802e+04 3.170220e-03 2.662762e-03
1.231050e+04 2.339299e-03 2.534473e-03
1.235283e+04 2.620877e-04 2.802107e-03
1.239502e+04 2.816015e-04 2.484227e-03
1.243706e+04 1.343865e-03 2.818770e-03
1.247897e+04 2.966507e-03 3.008327e-03
1.252073e+04 3.292674e-03 3.256428e-03
1.256235e+04 3.652289e-03 3.072384e-03
1.260384e+04 2.517543e-03 3.150413e-03
1.264519e+04 7.694731e-04 3.320443e-03
1.268640e+04 1.106803e-03 3.239559e-03
1.272748e+04 1.834429e-03 3.139159e-03
1.276843e+04 2.433799e-03 3.044339e-03
1.280924e+04 2.793402e-03 3.214364e-03
1.284992e+04 3.599049e-03 3.289602e-03
1.289048e+04 2.960611e-03 2.812860e-03
1.293091e+04 1.970934e-03 2.790531e-03
1.297121e+04 1.856618e-03 3.144541e-03
1.301137e+04 1.533228e-03 2.924282e-03
1.305142e+04 1.237721e-03 3.116602e-03
1.309135e+04 9.199187e-04 3.225289e-03
1.313114e+04 4.711055e-04 3.177871e-03
1.317082e+04 1.039767e-03 3.275404e-03
1.321037e+04 2.793127e-03 3.163874e-03
1.324981e+04 3.236318e-03 2.871153e-03
1.328913e+04 1.878776e-03 2.662064e-03
1.332833e+04 8.111556e-04 2.904550e-03
1.336741e+04 6.327514e-04 3.013234e-03
1.340637e+04 1.510785e-03 3.032719e-03
1.344522e+04 2.806913e-03 2.940709e-03
1.348396e+04 3.333704e-03 2.684244e-03
1.352258e+04 3.857695e-03 2.993618e-03
1.356109e+04 3.843725e-03 3.135745e-03
1.359949e+04 3.146868e-03 2.712048e-03
1.363777e+04 3.060435e-03 2.957306e-03
1.367595e+04 2.879238e-03 3.102219e-03
1.371401e+04 2.427682e-03 2.859703e-03
1.375197e+04 1.928751e-03 3.026914e-03
1.378982e+04 2.123839e-03 3.283311e-03
1.382757e+04 2.789955e-03 2.890294e-03
1.386521e+04 3.263748e-03 2.731402e-03
1.390274e+04 2.413649e-03 2.851226e-03
1.394017e+04 1.836700e-03 2.792677e-03
1.397750e+04 2.937582e-03 2.823312e-03
1.401472e+04 2.020617e-03 2.954281e-03
1.405184e+04 1.234657e-03 3.001638e-03
1.408886e+04 2.076327e-03 3.035059e-03
1.412578e+04 2.382881e-03 2.996020e-03
1.416260e+04 2.895667e-03 2.862224e-03
1.419932e+04 3.394511e-03 3.018271e-03
1.423594e+04 2.251843e-03 3.029397e-03
1.427247e+04 1.128700e-03 3.082328e-03
1.430890e+04 1.360004e-03 2.940172e-03
1.434523e+04 1.942451e-03 3.073921e-03
1.438147e+04 1.803095e-03 3.126849e-03
1.441761e+04 1.449154e-04 3.151911e-03
1.445366e+04 -4.737587e-04 3.006973e-03
1.448961e+04 5.071971e-04 3.160226e-03
1.452547e+04 8.053788e-04 2.934476e-03
1.456124e+04 1.808607e-03 2.839706e-03
1.459692e+04 3.146229e-03 3.360809e-03
1.463251e+04 3.678474e-03 3.419308e-03
1.466801e+04 3.045868e-03 3.413712e-03
1.470341e+04 1.382196e-03 3.369101e-03
1.473873e+04 1.072867e-03 3.160082e-03
1.477396e+04 1.758376e-03 3.185141e-03
1.480911e+04 2.457809e-03 3.043002e-03
1.484416e+04 3.603091e-03 3.162806e-03
1.487913e+04 3.990406e-03 3.146068e-03
1.491401e+04 3.352255e-03 3.059665e-03
1.494881e+04 1.978459e-03 3.001127e-03
1.498353e+04 2.128920e-03 3.165517e-03
1.501815e+04 3.240732e-03 3.321541e-03
1.505270e+04 3.722779e-03 3.165478e-03
1.508716e+04 3.502625e-03 3.079078e-03
1.512154e+04 3.575052e-03 2.964812e-03
1.515583e+04 3.594534e-03 3.003807e-03
1.519005e+04 2.159495e-03 2.856105e-03
1.522418e+04 1.253893e-03 3.092936e-03
1.525824e+04 1.696926e-03 3.246173e-03
1.529221e+04 7.829775e-04 3.301881e-03
1.532610e+04 -7.244591e-05 3.246134e-03
1.535992e+04 9.473645e-04 3.182030e-03
1.539365e+04 1.401534e-03 3.527520e-03
1.542731e+04 1.866844e-03 2.995311e-03
1.546089e+04 2.786319e-03 2.989720e-03
1.549440e+04 2.981344e-03 3.076081e-03
1.552782e+04 4.087487e-03 3.117856e-03
1.556118e+04 5.480600e-03 3.014749e-03
1.559445e+04 4.923319e-03 3.268282e-03
1.562765e+04 4.430127e-03 3.365782e-03
1.566078e+04 5.045861e-03 3.240385e-03
1.569383e+04 4.591682e-03 3.201362e-03
1.572681e+04 3.998199e-03 3.234780e-03
1.575971e+04 4.084548e-03 3.259839e-03
1.579254e+04 3.332261e-03 3.769691e-03
1.582530e+04 3.362894e-03 3.686088e-03
1.585799e+04 3.669353e-03 3.474322e-03
1.589060e+04 3.360072e-03 3.365646e-03
1.592314e+04 4.441069e-03 3.270901e-03
1.595562e+04 4.867321e-03 3.131578e-03
1.598802e+04 4.546896e-03 3.399028e-03
1.602035e+04 4.814337e-03 3.368365e-03
1.605262e+04 5.290729e-03 2.891931e-03
1.608481e+04 5.477370e-03 2.772118e-03
1.611694e+04 4.903420e-03 2.852900e-03
1.614899e+04 5.399310e-03 3.368301e-03
1.618098e+04 5.630523e-03 3.833548e-03
1.621290e+04 4.254215e-03 3.259614e-03
1.624476e+04 4.048033e-03 3.248455e-03
1.627655e+04 4.025726e-03 3.156504e-03
1.630827e+04 4.256942e-03 3.184348e-03
1.633992e+04 5.112206e-03 2.997674e-03
1.637151e+04 5.301627e-03 3.095169e-03
1.640304e+04 4.206738e-03 3.518615e-03
1.643449e+04 4.914337e-03 3.710827e-03
1.646589e+04 8.321463e-03 3.273425e-03
1.649722e+04 9.711583e-03 3.231622e-03
1.652849e+04 6.499431e-03 3.164746e-03
1.655969e+04 4.209429e-03 3.487894e-03
1.659083e+04 3.752533e-03 3.702387e-03
1.662190e+04 5.100861e-03 3.646654e-03
1.665292e+04 5.889224e-03 3.660568e-03
1.668387e+04 5.808412e-03 3.535193e-03
1.671476e+04 6.376689e-03 3.468317e-03
1.674559e+04 6.499237e-03 3.278868e-03
1.677636e+04 6.942147e-03 3.713435e-03
1.680706e+04 7.329339e-03 3.766350e-03
1.683771e+04 5.646717e-03 3.663262e-03
1.686830e+04 3.604745e-03 3.384672e-03
1.689883e+04 3.167374e-03 3.220302e-03
1.692929e+04 3.741218e-03 3.409717e-03
1.695970e+04 3.526702e-03 3.470988e-03
1.699005e+04 2.810766e-03 4.326183e-03
1.702034e+04 3.365104e-03 3.523889e-03
1.705058e+04 3.755085e-03 3.273164e-03
1.708075e+04 3.768999e-03 3.139440e-03
1.711086e+04 5.019740e-03 3.131070e-03
1.714092e+04 6.181333e-03 3.448621e-03
1.717092e+04 4.716070e-03 3.448607e-03
1.720087e+04 2.874756e-03 3.693728e-03
1.723076e+04 2.696467e-03 3.643574e-03
1.726059e+04 3.036299e-03 3.540494e-03
1.729037e+04 4.490364e-03 3.562765e-03
1.732009e+04 5.657503e-03 3.417902e-03
1.734975e+04 5.236861e-03 3.234041e-03
1.737936e+04 5.089207e-03 3.253529e-03
1.740892e+04 5.153258e-03 3.381650e-03
1.743842e+04 4.721480e-03 3.211720e-03
1.746786e+04 4.713106e-03 3.225637e-03
1.749726e+04 4.350972e-03 3.206127e-03
1.752659e+04 3.679650e-03 3.259038e-03
1.755588e+04 5.428926e-03 3.548720e-03
1.758511e+04 5.997147e-03 3.350937e-03
1.761429e+04 4.646170e-03 3.381564e-03
1.764342e+04 4.492953e-03 3.364840e-03
1.767249e+04 4.420517e-03 3.576523e-03
1.770151e+04 4.771467e-03 3.384314e-03
1.773048e+04 5.451096e-03 3.467867e-03
1.775940e+04 5.462219e-03 3.409361e-03
1.778827e+04 4.504017e-03 3.242222e-03
1.781708e+04 3.543038e-03 3.261710e-03
1.784585e+04 3.626585e-03 3.272841e-03
1.787456e+04 5.448216e-03 3.044428e-03
1.790322e+04 5.147379e-03 2.974783e-03
1.793183e+04 3.300661e-03 3.297875e-03
1.796040e+04 4.116760e-03 3.359143e-03
1.798891e+04 5.219745e-03 3.127948e-03
1.801737e+04 5.066536e-03 3.506745e-03
1.804578e+04 3.643215e-03 3.598649e-03
1.807415e+04 2.192049e-03 3.233760e-03
1.810247e+04 3.849302e-03 2.821522e-03
1.813073e+04 5.779506e-03 3.044339e-03
1.815895e+04 4.971752e-03 3.386918e-03
1.818712e+04 5.578929e-03 3.336773e-03
1.821524e+04 5.851869e-03 3.562370e-03
1.824332e+04 4.002433e-03 3.395242e-03
1.827135e+04 3.891008e-03 3.320029e-03
1.829933e+04 5.715335e-03 3.534484e-03
1.832726e+04 5.701391e-03 3.347862e-03
1.835514e+04 5.060770e-03 3.253153e-03
1.838299e+04 4.130491e-03 3.470391e-03
1.841078e+04 2.645956e-03 3.540010e-03
1.843853e+04 3.055373e-03 3.375673e-03
1.846622e+04 3.712671e-03 3.325528e-03
1.849388e+04 3.492631e-03 3.278170e-03
1.852149e+04 3.489834e-03 3.116619e-03
1.854905e+04 3.052551e-03 3.520461e-03
1.857657e+04 2.985698e-03 3.562228e-03
1.860404e+04 4.074688e-03 3.361687e-03
1.863147e+04 5.096824e-03 3.208493e-03
1.865885e+04 5.071743e-03 3.431296e-03
1.868619e+04 4.108073e-03 3.342160e-03
1.871349e+04 4.108062e-03 3.701431e-03
1.874074e+04 3.305934e-03 4.032851e-03
1.876794e+04 2.977283e-03 3.759897e-03
1.879510e+04 3.431246e-03 3.564930e-03
1.882222e+04 2.746103e-03 3.420095e-03
1.884930e+04 2.420240e-03 3.403376e-03
1.887633e+04 2.629114e-03 3.520339e-03
1.890332e+04 2.292113e-03 3.158269e-03
1.893027e+04 2.684800e-03 3.698562e-03
1.895717e+04 4.673322e-03 3.648422e-03
1.898403e+04 5.085496e-03 3.163812e-03
1.901086e+04 5.074342e-03 3.358757e-03
1.903763e+04 6.010099e-03 3.676241e-03
