3.523042e+03 -9.709798e-03 2.379170e-02
3.525338e+03 -7.098850e-03 1.562200e-02
3.527635e+03 -6.498414e-03 1.842774e-02
3.529932e+03 8.066926e-03 2.491714e-02
3.532229e+03 1.856572e-02 1.980305e-02
3.534526e+03 1.824255e-02 2.044253e-02
3.536823e+03 1.534008e-02 2.164825e-02
3.539119e+03 1.828993e-02 2.079276e-02
3.541416e+03 1.753645e-02 1.584057e-02
3.543713e+03 1.842224e-02 1.882143e-02
3.546010e+03 1.360902e-02 1.719034e-02
3.548306e+03 8.453443e-03 1.779866e-02
3.550603e+03 1.047741e-02 1.557315e-02
3.552900e+03 8.512546e-03 1.812914e-02
3.555197e+03 1.224910e-02 1.746636e-02
3.557494e+03 1.811425e-02 1.856152e-02
3.559791e+03 1.093231e-02 1.687968e-02
3.562087e+03 -4.475302e-03 1.738037e-02
3.564384e+03 -1.283970e-02 1.964734e-02
3.566681e+03 -1.259601e-03 1.750987e-02
3.568978e+03 1.159659e-02 1.697172e-02
3.571274e+03 8.341337e-03 1.468154e-02
3.573571e+03 6.971259e-03 1.795318e-02
3.575868e+03 4.687036e-03 1.818208e-02
3.578165e+03 5.303943e-03 1.793548e-02
3.580504e+03 1.340393e-02 1.931060e-02
3.582801e+03 1.802815e-03 1.591119e-02
3.585098e+03 1.014594e-02 1.585993e-02
3.587395e+03 1.103720e-02 1.462854e-02
3.589691e+03 -9.627646e-03 1.854213e-02
3.591988e+03 -1.542600e-02 1.750884e-02
3.594285e+03 -5.170197e-03 1.733021e-02
3.596582e+03 5.770018e-03 1.710914e-02
3.598878e+03 -3.367428e-04 1.277359e-02
3.601176e+03 1.301669e-03 1.630199e-02
3.603471e+03 8.556893e-03 1.366160e-02
3.605770e+03 3.706783e-04 1.471112e-02
3.608065e+03 -2.235344e-03 1.657267e-02
3.610363e+03 -1.185558e-03 1.624978e-02
3.612658e+03 -6.052168e-03 1.656636e-02
3.614957e+03 -9.967918e-03 1.220313e-02
3.617252e+03 -1.279988e-02 1.707217e-02
3.619550e+03 -1.019387e-02 1.455944e-02
3.621845e+03 -1.165638e-03 1.832202e-02
3.624144e+03 -7.921657e-03 1.841503e-02
3.626439e+03 -1.711611e-02 2.245747e-02
3.628737e+03 -1.093429e-02 2.004668e-02
3.631032e+03 -4.266132e-03 1.584805e-02
3.633331e+03 -6.667824e-03 1.724242e-02
3.635626e+03 -6.741247e-03 1.577107e-02
3.637924e+03 4.463904e-03 1.323612e-02
3.640219e+03 4.124364e-03 1.617215e-02
3.642518e+03 -2.769325e-03 1.493851e-02
3.644813e+03 -1.125812e-03 1.631862e-02
3.647112e+03 -3.269886e-03 1.530284e-02
3.649406e+03 -1.725426e-03 1.704211e-02
3.651705e+03 1.021093e-02 1.686642e-02
3.654000e+03 -7.636841e-05 1.704147e-02
3.656299e+03 2.282524e-03 1.764077e-02
3.658594e+03 1.342053e-02 1.546826e-02
3.660892e+03 1.780697e-02 2.005547e-02
3.663187e+03 -4.949431e-03 1.882764e-02
3.665486e+03 -3.248463e-02 1.883859e-02
3.667781e+03 -8.458967e-03 1.593657e-02
3.670079e+03 3.634091e-03 1.549792e-02
3.672374e+03 -5.483558e-03 1.378101e-02
3.674673e+03 -5.466489e-03 1.387691e-02
3.676968e+03 3.877091e-03 1.387099e-02
3.679266e+03 6.198705e-03 1.398668e-02
3.681561e+03 3.447117e-03 1.593196e-02
3.683860e+03 3.373533e-03 1.415300e-02
3.686155e+03 7.408625e-04 1.457972e-02
3.688453e+03 -5.624229e-03 1.578404e-02
3.690748e+03 -2.171608e-03 1.599299e-02
3.693047e+03 1.665435e-03 1.546960e-02
3.695385e+03 6.183765e-03 1.445989e-02
3.697683e+03 1.139466e-03 1.498553e-02
3.699978e+03 -4.159116e-03 1.491740e-02
3.702277e+03 -3.319314e-03 1.631667e-02
3.704572e+03 -2.524782e-03 1.426940e-02
3.706871e+03 6.146447e-03 1.494203e-02
3.709165e+03 1.036452e-02 1.323978e-02
3.711464e+03 4.367947e-03 1.474641e-02
3.713759e+03 -9.267227e-03 1.431925e-02
3.716058e+03 -1.452537e-02 1.689443e-02
3.718353e+03 -4.017161e-03 1.715139e-02
3.720651e+03 9.911270e-03 1.518352e-02
3.722946e+03 9.094119e-03 1.663345e-02
3.725245e+03 1.704587e-03 1.379217e-02
3.727540e+03 -7.660610e-04 1.486611e-02
3.729838e+03 1.181578e-02 1.444465e-02
3.732133e+03 1.995362e-02 1.683295e-02
3.734432e+03 1.032007e-02 1.744038e-02
3.736727e+03 -6.501161e-04 1.646772e-02
3.739025e+03 -1.491000e-02 1.591625e-02
3.741320e+03 -2.237450e-02 1.514716e-02
3.743619e+03 -6.664747e-03 1.509602e-02
3.745914e+03 -5.440802e-03 1.505053e-02
3.748212e+03 -7.136510e-03 1.499374e-02
3.750507e+03 -6.254583e-03 1.301507e-02
3.752806e+03 -7.017557e-03 1.333986e-02
3.755101e+03 -5.169104e-03 1.161000e-02
3.757396e+03 -5.169015e-03 1.229089e-02
3.759694e+03 -4.615011e-03 1.134959e-02
3.761989e+03 -3.563640e-03 1.216329e-02
3.764288e+03 -7.158244e-03 1.182396e-02
3.766583e+03 3.306357e-04 1.518380e-02
3.768881e+03 5.151610e-03 1.357278e-02
3.771176e+03 1.876362e-03 1.356972e-02
3.773475e+03 -1.944149e-03 1.446526e-02
3.775770e+03 1.299845e-03 1.379248e-02
3.778068e+03 1.958211e-03 1.495361e-02
3.780363e+03 2.602426e-03 1.489401e-02
3.782662e+03 6.363259e-03 1.718532e-02
3.784957e+03 7.792879e-03 1.732348e-02
3.787255e+03 1.741642e-02 1.512776e-02
3.789550e+03 1.486474e-02 1.491277e-02
3.791849e+03 3.653254e-03 1.520353e-02
3.794144e+03 -8.086186e-03 1.564403e-02
3.796442e+03 -1.015983e-02 1.411809e-02
3.798737e+03 5.122206e-03 1.723412e-02
3.801036e+03 9.221510e-03 1.807292e-02
3.803331e+03 1.042488e-02 1.676738e-02
3.805629e+03 5.172799e-03 1.663432e-02
3.807924e+03 4.356266e-03 1.559441e-02
3.810223e+03 1.105716e-02 1.563087e-02
3.812518e+03 5.181011e-03 1.276891e-02
3.814817e+03 6.590565e-03 1.407664e-02
3.817112e+03 8.415332e-03 1.237299e-02
3.819406e+03 9.327612e-03 1.464678e-02
3.821705e+03 9.793548e-03 1.426519e-02
3.824000e+03 1.582703e-02 1.531858e-02
3.826299e+03 2.015986e-02 1.621376e-02
3.828594e+03 1.104438e-02 1.488873e-02
3.830892e+03 1.191982e-02 1.599007e-02
3.833187e+03 1.505488e-02 1.536841e-02
3.835486e+03 4.499441e-03 1.424117e-02
3.837781e+03 -8.114681e-03 1.385116e-02
3.840079e+03 -1.098133e-02 1.376338e-02
3.842374e+03 -1.386765e-03 1.294973e-02
3.844716e+03 -3.112402e-03 1.260495e-02
3.847011e+03 -4.405869e-03 1.275443e-02
3.849309e+03 1.440357e-03 1.300840e-02
3.851604e+03 2.146379e-04 1.638309e-02
3.853899e+03 1.381003e-03 1.267190e-02
3.856198e+03 7.610926e-03 1.075414e-02
3.858493e+03 4.724627e-03 1.179039e-02
3.860791e+03 -7.828127e-03 1.338576e-02
3.863086e+03 -8.985822e-03 1.227008e-02
3.865385e+03 -1.445841e-03 1.350675e-02
3.867680e+03 -6.991883e-03 1.483657e-02
3.869978e+03 -1.529379e-02 1.600822e-02
3.872273e+03 -7.124376e-03 1.304018e-02
3.874572e+03 -2.397344e-03 1.234533e-02
3.876867e+03 -4.376704e-03 1.228019e-02
3.879165e+03 -2.600569e-03 1.181974e-02
3.881460e+03 4.497979e-03 1.360406e-02
3.883759e+03 1.355302e-03 1.414314e-02
3.886054e+03 -1.214670e-02 1.413444e-02
3.888349e+03 4.599410e-03 1.380952e-02
3.890647e+03 1.152516e-02 1.480314e-02
3.892942e+03 -9.740614e-04 1.577697e-02
3.895241e+03 -4.466495e-03 1.339948e-02
3.897536e+03 1.604186e-02 1.318470e-02
3.899835e+03 2.307428e-02 1.539791e-02
3.902129e+03 7.591552e-03 1.183763e-02
3.904428e+03 -1.117965e-03 1.191649e-02
3.906723e+03 -1.169892e-02 1.320646e-02
3.909022e+03 -8.291314e-03 1.417738e-02
3.911317e+03 -3.302924e-03 1.399084e-02
3.913612e+03 3.494833e-03 1.385230e-02
3.915910e+03 1.036013e-03 1.383232e-02
3.918205e+03 -1.173753e-02 1.133951e-02
3.920504e+03 -6.918769e-03 1.280720e-02
3.922799e+03 -4.366857e-03 1.361432e-02
3.925097e+03 -3.409879e-03 1.308061e-02
3.927392e+03 6.116801e-03 1.133316e-02
3.929691e+03 1.054828e-02 1.296448e-02
3.931986e+03 6.266209e-03 1.352034e-02
3.934284e+03 1.184070e-02 1.256045e-02
3.936579e+03 1.019498e-02 1.399975e-02
3.938874e+03 5.791744e-03 1.317537e-02
3.941173e+03 -9.229392e-04 1.082690e-02
3.943468e+03 -6.245973e-03 1.098761e-02
3.945766e+03 4.984284e-03 1.314090e-02
3.948061e+03 1.230812e-02 1.413133e-02
3.950360e+03 6.931499e-03 1.437101e-02
3.952655e+03 -9.192001e-03 1.443006e-02
3.954953e+03 -1.057756e-02 1.481930e-02
3.957248e+03 2.630238e-03 1.387930e-02
3.959543e+03 9.699562e-03 1.414155e-02
3.961842e+03 1.170872e-02 1.324957e-02
3.964137e+03 8.878063e-03 1.237172e-02
3.966435e+03 1.868147e-03 1.303470e-02
3.968730e+03 1.292445e-03 1.388390e-02
3.971072e+03 -2.878326e-04 1.156128e-02
3.973367e+03 -2.438075e-03 1.055371e-02
3.975665e+03 -3.326907e-03 1.110662e-02
3.977960e+03 -4.232645e-03 1.218719e-02
3.980255e+03 -1.467295e-03 1.308432e-02
3.982554e+03 -1.642217e-03 1.428334e-02
3.984849e+03 9.178784e-03 1.386552e-02
3.987147e+03 9.209687e-03 1.168987e-02
3.989442e+03 2.042805e-03 1.321616e-02
3.991741e+03 -3.470460e-04 1.281813e-02
3.994036e+03 8.676021e-03 1.423996e-02
3.996331e+03 9.384071e-03 1.433568e-02
3.998629e+03 -1.045042e-02 1.326616e-02
4.000924e+03 -6.632985e-03 1.476693e-02
4.003223e+03 5.557971e-03 1.313035e-02
4.005518e+03 4.471702e-03 1.103678e-02
4.007817e+03 -2.414967e-03 1.131310e-02
4.010112e+03 -1.301693e-02 1.126780e-02
4.012406e+03 -1.926275e-02 1.330450e-02
4.014705e+03 -3.997498e-03 1.465561e-02
4.017000e+03 8.860944e-03 1.358904e-02
4.019299e+03 -1.260995e-03 1.321365e-02
4.021594e+03 -1.069997e-02 1.022886e-02
4.023892e+03 -7.286480e-03 1.423727e-02
4.026187e+03 -9.596688e-03 1.570111e-02
4.028482e+03 -1.008174e-02 1.446535e-02
4.030781e+03 -1.796859e-03 1.375429e-02
4.033076e+03 1.813758e-03 1.413490e-02
4.035374e+03 7.082865e-03 1.373980e-02
4.037669e+03 -1.351113e-03 1.294699e-02
4.039968e+03 -8.177075e-03 1.473792e-02
4.042263e+03 -3.314221e-03 1.429487e-02
4.044558e+03 -8.286846e-03 1.309593e-02
4.046856e+03 -1.065034e-02 1.721090e-02
4.049151e+03 -6.205088e-04 1.604861e-02
4.051450e+03 6.402432e-03 1.663222e-02
4.053745e+03 -1.954547e-03 1.421207e-02
4.056040e+03 -1.215582e-02 1.294834e-02
4.058338e+03 -6.060900e-03 1.456421e-02
4.060633e+03 1.401687e-03 1.412968e-02
4.062932e+03 -3.525321e-03 1.421127e-02
4.065227e+03 6.644431e-03 1.548863e-02
4.067525e+03 2.252476e-02 1.572249e-02
4.069820e+03 3.044058e-02 1.687007e-02
4.072115e+03 1.891722e-02 1.268763e-02
4.074414e+03 1.112514e-02 1.357295e-02
4.076709e+03 1.785355e-02 1.221915e-02
4.079007e+03 1.199902e-02 1.371357e-02
4.081302e+03 2.368752e-03 1.363724e-02
4.083597e+03 7.210494e-03 1.531208e-02
4.085896e+03 1.581380e-02 1.465484e-02
4.088191e+03 1.151617e-02 1.202938e-02
4.090489e+03 6.412198e-03 1.258189e-02
4.092784e+03 9.206479e-03 1.380267e-02
4.095079e+03 1.646711e-02 1.371507e-02
4.097378e+03 1.325528e-02 1.252216e-02
4.099673e+03 1.300979e-02 1.273910e-02
4.101971e+03 1.428407e-02 1.323800e-02
4.104266e+03 6.143814e-03 1.083274e-02
4.106561e+03 4.237737e-03 1.326019e-02
4.108860e+03 5.954743e-03 1.303446e-02
4.111155e+03 8.576742e-03 1.673057e-02
4.113453e+03 1.956666e-02 1.658373e-02
4.115748e+03 1.847249e-02 1.610704e-02
4.118043e+03 3.715873e-03 1.661712e-02
4.120342e+03 1.559067e-03 1.355515e-02
4.122637e+03 5.491904e-03 1.314899e-02
4.124935e+03 1.036343e-02 1.424549e-02
4.127230e+03 1.729283e-02 1.435525e-02
4.129525e+03 4.910940e-03 1.322176e-02
4.131824e+03 -1.102269e-03 1.335409e-02
4.134119e+03 7.676311e-03 1.329189e-02
4.136417e+03 6.599342e-03 1.370893e-02
4.138712e+03 3.571661e-03 1.363827e-02
4.141050e+03 2.539875e-03 1.328854e-02
4.143349e+03 -7.582878e-04 1.407766e-02
4.145644e+03 -4.143748e-04 1.133470e-02
4.147942e+03 8.380410e-03 1.286518e-02
4.150237e+03 1.522999e-02 1.471979e-02
4.152532e+03 7.965831e-03 1.263653e-02
4.154831e+03 5.778394e-03 1.301407e-02
4.157126e+03 1.422594e-02 1.403145e-02
4.159421e+03 7.821766e-03 1.284179e-02
4.161719e+03 3.072295e-03 1.254567e-02
4.164014e+03 8.689688e-03 1.215090e-02
4.166313e+03 9.628149e-03 1.279619e-02
4.168608e+03 6.392376e-03 1.387270e-02
4.170903e+03 -2.717007e-03 1.349484e-02
4.173201e+03 -6.989718e-04 1.392589e-02
4.175496e+03 3.511724e-03 1.414554e-02
4.177791e+03 4.763032e-04 1.463012e-02
4.180090e+03 -3.367901e-03 1.362379e-02
4.182385e+03 -9.204536e-03 1.292186e-02
4.184683e+03 -1.098837e-02 1.396445e-02
4.186978e+03 -4.810698e-03 1.167306e-02
4.189273e+03 -1.947363e-03 1.092327e-02
4.191572e+03 -4.168037e-03 1.207294e-02
4.193867e+03 -2.051584e-03 1.180788e-02
4.196162e+03 1.750024e-03 1.234316e-02
4.198460e+03 6.845013e-03 1.276007e-02
4.200755e+03 8.995063e-03 1.197087e-02
4.203050e+03 6.475688e-03 1.124650e-02
4.205349e+03 4.119815e-03 1.177331e-02
4.207644e+03 1.155337e-04 1.206904e-02
4.209942e+03 -6.297918e-03 1.161522e-02
4.212237e+03 -2.516317e-03 1.114168e-02
4.214532e+03 -4.508462e-04 1.210240e-02
4.216831e+03 -1.569489e-03 1.247701e-02
4.219126e+03 7.714911e-03 1.120043e-02
4.221421e+03 1.319803e-02 1.205687e-02
4.223719e+03 8.007754e-03 1.335565e-02
4.226014e+03 1.190441e-02 1.452479e-02
4.228309e+03 1.322289e-02 1.597285e-02
4.230608e+03 2.527336e-03 1.420323e-02
4.232903e+03 -9.776751e-04 1.333808e-02
4.235198e+03 6.809832e-03 1.259128e-02
4.237496e+03 1.049214e-02 1.200792e-02
4.239791e+03 1.214583e-02 1.155980e-02
4.242090e+03 6.547564e-03 1.084123e-02
4.244385e+03 1.180463e-03 1.203001e-02
4.246680e+03 5.721935e-03 1.242711e-02
4.248978e+03 2.098862e-03 1.189449e-02
4.251273e+03 -4.538559e-03 1.422701e-02
4.253568e+03 5.155468e-04 1.476492e-02
4.255867e+03 3.276358e-03 1.527746e-02
4.258162e+03 1.355038e-03 1.491387e-02
4.260457e+03 6.825815e-03 1.348542e-02
4.262755e+03 9.279390e-03 1.213025e-02
4.265050e+03 7.487649e-03 1.323156e-02
4.267345e+03 1.244265e-02 1.682588e-02
4.269644e+03 1.075796e-02 1.564537e-02
4.271939e+03 8.926825e-03 1.434377e-02
4.274234e+03 5.492933e-03 1.194079e-02
4.276532e+03 9.332238e-03 1.245613e-02
4.278827e+03 9.303957e-03 1.252077e-02
4.281122e+03 6.022289e-03 1.212345e-02
4.283464e+03 1.395419e-02 1.222752e-02
4.285759e+03 1.510888e-02 1.239919e-02
4.288054e+03 3.760275e-03 1.272296e-02
4.290353e+03 -3.701081e-03 1.213132e-02
4.292647e+03 2.667337e-03 1.197908e-02
4.294942e+03 1.422375e-02 1.237044e-02
4.297241e+03 1.811606e-02 1.297303e-02
4.299536e+03 1.145478e-02 1.407696e-02
4.301831e+03 -2.450341e-04 1.576386e-02
4.304129e+03 -6.953817e-03 1.442305e-02
4.306424e+03 -1.516078e-02 1.216974e-02
4.308719e+03 -1.105150e-02 1.076986e-02
4.311018e+03 -4.055547e-04 1.253277e-02
4.313313e+03 -4.618762e-04 1.086536e-02
4.315608e+03 -4.782053e-03 1.254374e-02
4.317906e+03 -2.571239e-03 1.170716e-02
4.320201e+03 3.953972e-03 1.518787e-02
4.322496e+03 5.505645e-03 1.484694e-02
4.324795e+03 1.093513e-02 1.547759e-02
4.327090e+03 -2.596464e-03 1.553091e-02
4.329385e+03 -1.296528e-02 1.234574e-02
4.331680e+03 -8.197542e-03 1.175985e-02
4.333978e+03 -8.563529e-03 1.310296e-02
4.336273e+03 1.788155e-03 1.372233e-02
4.338568e+03 -4.195779e-04 1.324909e-02
4.340867e+03 -2.939828e-03 1.358685e-02
4.343162e+03 1.875385e-03 1.287145e-02
4.345457e+03 9.010758e-04 1.225182e-02
4.347755e+03 4.736225e-03 1.444521e-02
4.350050e+03 3.502853e-03 1.563331e-02
4.352345e+03 -2.860817e-03 1.540505e-02
4.354640e+03 -7.005544e-03 1.276935e-02
4.356939e+03 -1.218354e-02 1.158098e-02
4.359234e+03 -4.564201e-03 1.277751e-02
4.361529e+03 -4.586675e-03 1.216919e-02
4.363827e+03 -6.433659e-03 1.187341e-02
4.366122e+03 3.404029e-03 1.334863e-02
4.368417e+03 5.583219e-03 1.373703e-02
4.370716e+03 7.697606e-03 1.214048e-02
4.373011e+03 2.449466e-04 1.468272e-02
4.375306e+03 -1.172071e-02 1.379569e-02
4.377601e+03 -8.237905e-03 1.190076e-02
4.379899e+03 1.525938e-03 1.198228e-02
4.382194e+03 7.227010e-03 1.166964e-02
4.384489e+03 8.496639e-03 1.300678e-02
4.386788e+03 1.073470e-02 1.206915e-02
4.389083e+03 2.691387e-03 1.342878e-02
4.391378e+03 -9.881446e-04 1.347368e-02
4.393673e+03 1.007840e-03 1.239812e-02
4.395971e+03 -4.982841e-03 1.231916e-02
4.398266e+03 -2.308410e-03 1.355205e-02
4.400561e+03 9.050554e-03 1.343930e-02
4.402860e+03 1.032850e-02 1.342226e-02
4.405155e+03 9.148883e-03 1.164301e-02
4.407450e+03 3.341415e-03 1.194972e-02
4.409745e+03 -1.292075e-03 1.127681e-02
4.412043e+03 4.107008e-03 1.282772e-02
4.414338e+03 8.092886e-03 1.336804e-02
4.416633e+03 6.049191e-03 1.279647e-02
4.418928e+03 1.092164e-03 1.521992e-02
4.421227e+03 -5.092018e-03 1.314523e-02
4.423522e+03 -8.295200e-03 1.220213e-02
4.425817e+03 -3.833709e-03 1.248348e-02
4.428115e+03 4.801936e-03 1.255934e-02
4.430410e+03 1.505303e-02 1.297297e-02
4.432705e+03 1.183288e-02 1.204962e-02
4.435000e+03 1.018901e-02 1.117413e-02
4.437299e+03 9.189710e-03 1.387041e-02
4.439594e+03 7.790764e-03 1.519593e-02
4.441888e+03 1.028437e-02 1.255571e-02
4.444183e+03 7.438780e-03 1.200675e-02
4.446482e+03 2.124941e-03 1.251041e-02
4.448777e+03 -2.231868e-03 1.180948e-02
4.451072e+03 2.150226e-03 1.317154e-02
4.453367e+03 3.050811e-03 1.295188e-02
4.455665e+03 -3.562995e-03 1.278006e-02
4.457960e+03 -2.276802e-03 1.321333e-02
4.460255e+03 -2.082591e-04 1.231261e-02
4.462550e+03 -6.191421e-05 1.167927e-02
4.464849e+03 6.317998e-03 1.543618e-02
4.467144e+03 6.464270e-03 1.259365e-02
4.469439e+03 7.316902e-04 1.326892e-02
4.471734e+03 6.641426e-04 1.206432e-02
4.474032e+03 -3.320679e-03 1.278461e-02
4.476327e+03 -4.153617e-03 1.273945e-02
4.478622e+03 -1.674375e-03 1.369329e-02
4.480960e+03 -7.268680e-03 1.286300e-02
4.483259e+03 -7.938337e-03 1.311613e-02
4.485554e+03 -3.776369e-03 1.231119e-02
4.487849e+03 6.196334e-03 1.239830e-02
4.490144e+03 5.608158e-03 1.055504e-02
4.492442e+03 -4.960904e-03 1.100797e-02
4.494737e+03 3.067118e-03 1.214466e-02
4.497032e+03 6.905164e-03 1.174497e-02
4.499327e+03 2.644983e-04 1.055179e-02
4.501626e+03 3.207711e-03 1.046164e-02
4.503921e+03 3.680389e-03 1.297422e-02
4.506216e+03 1.752951e-03 1.153064e-02
4.508511e+03 3.052860e-03 1.372521e-02
4.510806e+03 5.194030e-03 1.307793e-02
4.513104e+03 9.853363e-03 1.550033e-02
4.515399e+03 7.287250e-03 1.249524e-02
4.517694e+03 5.033496e-03 1.445618e-02
4.519989e+03 1.078435e-02 1.407058e-02
4.522288e+03 1.395226e-02 1.430958e-02
4.524583e+03 1.705541e-02 1.330221e-02
4.526878e+03 1.856607e-02 1.175466e-02
4.529173e+03 1.305435e-02 1.211748e-02
4.531468e+03 6.580566e-03 1.196824e-02
4.533766e+03 6.847771e-03 1.222696e-02
4.536061e+03 6.847702e-03 1.254756e-02
4.538356e+03 1.704875e-03 1.358555e-02
4.540651e+03 1.994627e-03 1.246009e-02
4.542946e+03 6.628059e-03 1.347274e-02
4.545245e+03 7.286294e-03 1.377925e-02
4.547540e+03 1.822399e-02 1.240627e-02
4.549835e+03 1.974855e-02 1.167190e-02
4.552129e+03 7.018824e-03 1.291239e-02
4.554424e+03 6.447690e-03 1.156758e-02
4.556723e+03 1.049849e-02 1.109487e-02
4.559018e+03 6.152190e-03 1.223687e-02
4.561313e+03 1.090055e-02 1.271777e-02
4.563608e+03 1.465582e-02 1.171903e-02
4.565903e+03 1.007894e-02 1.143199e-02
4.568201e+03 6.309471e-03 1.256831e-02
4.570496e+03 5.946542e-03 1.270883e-02
4.572791e+03 1.498716e-02 1.418830e-02
4.575086e+03 2.095876e-02 1.240761e-02
4.577381e+03 1.514720e-02 1.450868e-02
4.579680e+03 1.111065e-02 1.119504e-02
4.581975e+03 6.117832e-03 1.091365e-02
4.584270e+03 5.158618e-03 1.215678e-02
4.586565e+03 9.217351e-03 1.019056e-02
4.588860e+03 7.515572e-03 1.037329e-02
4.591158e+03 1.036756e-02 1.216206e-02
4.593453e+03 1.375953e-02 1.448519e-02
4.595748e+03 1.624576e-02 1.344438e-02
4.598043e+03 1.778691e-02 1.146699e-02
4.600338e+03 1.699922e-02 1.148375e-02
4.602633e+03 1.053300e-02 9.846738e-03
4.604932e+03 6.915995e-03 1.155947e-02
4.607227e+03 1.206280e-02 1.056655e-02
4.609522e+03 5.439315e-03 1.193050e-02
4.611817e+03 1.040604e-04 1.119071e-02
4.614112e+03 2.053063e-03 1.240275e-02
4.616406e+03 6.176006e-03 1.122424e-02
4.618705e+03 9.848892e-03 1.029324e-02
4.621000e+03 3.158252e-03 1.006535e-02
4.623295e+03 3.259467e-03 1.192981e-02
4.625590e+03 6.524493e-03 1.191845e-02
4.627885e+03 1.027598e-02 1.280420e-02
4.630180e+03 1.079614e-02 1.234287e-02
4.632478e+03 1.158627e-02 1.289395e-02
4.634773e+03 7.952832e-03 1.433084e-02
4.637068e+03 5.888640e-03 1.512936e-02
4.639363e+03 1.295545e-02 1.439525e-02
4.641658e+03 1.655200e-02 1.276129e-02
4.643953e+03 1.910239e-02 1.379039e-02
4.646248e+03 1.332065e-02 1.282011e-02
4.648547e+03 8.436052e-03 1.325304e-02
4.650885e+03 6.554748e-03 1.371126e-02
4.653180e+03 1.507213e-03 1.444225e-02
4.655475e+03 -4.060437e-03 1.374475e-02
4.657770e+03 -2.359194e-03 1.417485e-02
4.660068e+03 6.416724e-03 1.193083e-02
4.662363e+03 6.897491e-03 1.080316e-02
4.664658e+03 8.356769e-03 1.264200e-02
4.666953e+03 1.270375e-02 1.459609e-02
4.669248e+03 1.287796e-03 1.559414e-02
4.671543e+03 1.254043e-03 1.602701e-02
4.673838e+03 1.622368e-03 1.658921e-02
4.676137e+03 1.538002e-03 1.908866e-02
4.678432e+03 7.718056e-03 2.010631e-02
4.680727e+03 1.582398e-02 1.762906e-02
4.683022e+03 1.373199e-02 1.266638e-02
4.685317e+03 2.637282e-03 1.197742e-02
4.687612e+03 -2.437636e-03 1.102419e-02
4.689906e+03 1.374848e-03 1.286846e-02
4.692201e+03 7.759806e-03 1.405200e-02
4.694500e+03 7.824402e-03 1.377353e-02
4.696795e+03 1.375654e-02 1.432446e-02
4.699090e+03 9.941280e-03 1.537300e-02
4.701385e+03 4.020333e-03 1.355387e-02
4.703680e+03 9.162343e-03 1.336538e-02
4.705975e+03 1.430707e-02 1.462757e-02
4.708270e+03 1.526561e-02 1.379809e-02
4.710565e+03 5.566416e-03 1.231640e-02
4.712860e+03 -2.932183e-03 1.405929e-02
4.715158e+03 1.742988e-04 1.496439e-02
4.717453e+03 5.397592e-04 1.518635e-02
4.719748e+03 -7.955754e-04 1.345169e-02
4.722043e+03 4.447311e-03 1.346563e-02
4.724338e+03 2.018420e-03 1.354703e-02
4.726633e+03 -2.493486e-03 1.415974e-02
4.728928e+03 1.728839e-03 1.486239e-02
4.731223e+03 1.734446e-03 1.324307e-02
4.733518e+03 -3.823056e-04 1.308553e-02
4.735817e+03 5.284766e-04 1.647554e-02
4.738112e+03 1.236849e-04 1.580356e-02
4.740406e+03 2.687312e-03 1.513721e-02
4.742701e+03 8.902347e-03 1.599162e-02
4.744996e+03 1.754031e-02 1.328453e-02
4.747291e+03 2.202357e-02 1.303705e-02
4.749586e+03 1.068422e-02 1.451547e-02
4.751881e+03 2.223400e-03 1.391382e-02
4.754176e+03 1.107474e-03 1.571545e-02
4.756471e+03 1.939468e-03 1.374774e-02
4.758766e+03 1.050114e-02 1.342719e-02
4.761061e+03 1.308978e-02 1.223530e-02
4.763360e+03 6.341052e-03 1.268210e-02
4.765655e+03 1.079319e-03 1.209455e-02
4.767950e+03 1.354758e-03 1.148171e-02
4.770245e+03 6.891781e-03 1.278858e-02
4.772540e+03 7.501633e-03 1.326066e-02
4.774835e+03 2.301905e-03 1.128186e-02
4.777129e+03 -1.357522e-03 1.135765e-02
4.779424e+03 1.461502e-03 1.278814e-02
4.781719e+03 -1.281614e-03 1.337825e-02
4.784014e+03 -5.803748e-03 1.376036e-02
4.786309e+03 -2.037618e-03 1.364221e-02
4.788604e+03 -4.693507e-04 1.488713e-02
4.790899e+03 -4.918304e-03 1.272295e-02
4.793194e+03 1.171952e-03 1.338330e-02
4.795493e+03 7.675235e-03 1.357429e-02
4.797788e+03 5.053078e-03 1.532504e-02
4.800083e+03 1.728374e-03 1.481343e-02
4.802378e+03 3.726512e-03 1.581097e-02
4.804673e+03 3.684326e-03 1.535557e-02
4.806968e+03 1.236529e-04 1.456575e-02
4.809263e+03 4.024306e-03 1.089822e-02
4.811558e+03 1.953120e-03 1.471725e-02
4.813853e+03 -3.872484e-03 1.422815e-02
4.816147e+03 -9.596827e-03 1.452029e-02
4.818442e+03 -7.160324e-03 1.402558e-02
4.820737e+03 -1.152162e-04 1.401141e-02
4.823032e+03 6.336838e-03 1.287319e-02
4.825327e+03 7.219157e-03 1.396060e-02
4.827622e+03 2.262115e-03 1.344342e-02
4.829917e+03 -2.455990e-03 1.542440e-02
4.832212e+03 -1.986694e-03 1.267606e-02
4.834507e+03 -5.058018e-05 1.197626e-02
4.836802e+03 1.891121e-03 1.179352e-02
4.839097e+03 1.952925e-03 1.175970e-02
4.841392e+03 -4.082844e-03 1.437003e-02
4.843687e+03 2.753719e-03 1.541802e-02
4.845982e+03 1.468732e-02 1.580565e-02
4.848277e+03 9.674386e-03 1.498223e-02
4.850576e+03 6.226622e-03 1.383288e-02
4.852871e+03 6.518794e-04 1.049751e-02
4.855165e+03 -5.029545e-04 1.367811e-02
4.857460e+03 6.546783e-03 1.375106e-02
4.859755e+03 9.825715e-03 1.772394e-02
4.862050e+03 1.382107e-02 1.567550e-02
4.864345e+03 1.028916e-02 1.232619e-02
4.866640e+03 1.223057e-02 1.140733e-02
4.868935e+03 9.505092e-03 1.262663e-02
4.871230e+03 2.545535e-03 1.218541e-02
4.873525e+03 -2.964147e-03 1.237637e-02
4.875820e+03 -2.337583e-03 1.148844e-02
4.878115e+03 5.739958e-03 1.250260e-02
4.880410e+03 1.085329e-02 1.480633e-02
4.882705e+03 9.583297e-03 1.578392e-02
4.885000e+03 4.649731e-03 1.760717e-02
4.887295e+03 5.835295e-03 1.549991e-02
4.889590e+03 8.714944e-03 1.448838e-02
4.891885e+03 1.086128e-02 1.413989e-02
4.894180e+03 9.397490e-03 1.597995e-02
4.896518e+03 5.413697e-03 1.783682e-02
4.898813e+03 1.154651e-03 1.559481e-02
4.901108e+03 -5.469797e-03 1.480526e-02
4.903403e+03 -1.837298e-03 1.358308e-02
4.905698e+03 6.809746e-03 1.444824e-02
4.907993e+03 7.360311e-03 1.431890e-02
4.910288e+03 7.056855e-03 1.659990e-02
4.912583e+03 9.107539e-03 1.531876e-02
4.914878e+03 2.084436e-03 1.448992e-02
4.917173e+03 -1.848447e-03 1.427911e-02
4.919468e+03 8.357275e-03 1.650386e-02
4.921763e+03 8.576322e-03 1.383785e-02
4.924058e+03 2.337191e-03 1.282365e-02
4.926353e+03 4.042298e-03 1.218307e-02
4.928647e+03 4.882180e-03 1.264086e-02
4.930942e+03 3.851217e-03 1.318291e-02
4.933237e+03 7.806310e-03 1.461261e-02
4.935532e+03 6.887703e-03 1.589621e-02
4.937827e+03 6.154500e-03 1.386799e-02
4.940122e+03 1.026960e-02 1.320778e-02
4.942417e+03 1.358407e-02 1.242117e-02
4.944712e+03 1.884790e-02 1.166266e-02
4.947004e+03 1.137887e-02 1.275805e-02
4.949299e+03 6.822776e-03 1.242088e-02
4.951594e+03 8.468717e-03 1.354995e-02
4.953888e+03 1.044046e-02 1.417059e-02
4.956183e+03 1.305539e-02 1.445137e-02
4.958478e+03 1.435576e-02 1.333336e-02
4.960773e+03 1.970636e-02 1.393152e-02
4.963068e+03 1.608573e-02 1.301857e-02
4.965363e+03 6.710058e-03 1.274602e-02
4.967658e+03 3.277765e-03 1.290321e-02
4.969953e+03 1.440857e-03 1.247619e-02
4.972248e+03 -2.721598e-03 1.144813e-02
4.974543e+03 1.306020e-03 1.364721e-02
4.976838e+03 1.468910e-02 1.539126e-02
4.979133e+03 1.347567e-02 1.486593e-02
4.981428e+03 1.126522e-02 1.539103e-02
4.983723e+03 1.264695e-02 1.504265e-02
4.986018e+03 7.501608e-03 1.592722e-02
4.988309e+03 -4.426224e-03 1.557042e-02
4.990604e+03 -1.090258e-02 1.695489e-02
4.992899e+03 -6.094391e-03 1.373625e-02
4.995194e+03 4.392422e-03 1.394678e-02
4.997489e+03 1.064396e-02 1.312942e-02
4.999784e+03 5.984726e-03 1.253675e-02
5.002079e+03 5.057910e-03 1.356453e-02
5.004374e+03 5.532486e-03 1.273876e-02
5.006669e+03 5.529637e-03 1.390132e-02
5.008964e+03 9.275904e-03 1.250548e-02
5.011259e+03 1.749013e-02 1.499074e-02
5.013554e+03 2.114920e-02 1.540625e-02
5.015849e+03 1.437551e-02 1.294891e-02
5.018140e+03 9.986113e-03 1.308080e-02
5.020435e+03 6.251102e-03 1.301049e-02
5.022730e+03 2.041563e-03 1.462792e-02
5.025025e+03 2.496473e-03 1.461658e-02
5.027320e+03 6.276239e-03 1.666082e-02
5.029615e+03 8.716465e-03 1.644727e-02
5.031910e+03 4.178482e-03 1.461064e-02
5.034205e+03 -6.408081e-03 1.239494e-02
5.036500e+03 9.227343e-03 1.313899e-02
5.038795e+03 1.143441e-02 1.216731e-02
5.041086e+03 9.468697e-03 1.331290e-02
5.043381e+03 1.249567e-02 1.400357e-02
5.045676e+03 1.079674e-02 1.190028e-02
5.047971e+03 1.082474e-02 1.325645e-02
5.050266e+03 3.487479e-03 1.268353e-02
5.052561e+03 -8.255324e-04 1.205446e-02
5.054856e+03 1.951499e-03 1.496056e-02
5.057151e+03 6.121207e-03 1.597129e-02
5.059446e+03 7.716032e-03 1.419099e-02
5.061737e+03 2.748887e-03 1.328675e-02
5.064032e+03 -9.431506e-03 1.094493e-02
5.066327e+03 -2.754463e-03 1.315740e-02
5.068622e+03 5.615581e-06 1.470159e-02
5.070917e+03 -4.995023e-03 1.645073e-02
5.073212e+03 -7.300152e-04 1.379167e-02
5.075507e+03 3.706204e-03 1.318791e-02
5.077799e+03 8.212551e-03 1.305585e-02
5.080094e+03 -8.703838e-05 1.092753e-02
5.082388e+03 1.389797e-03 1.310901e-02
5.084683e+03 8.627908e-03 1.381364e-02
5.086978e+03 1.012712e-02 1.341766e-02
5.089273e+03 1.428512e-02 1.309188e-02
5.091568e+03 1.173853e-02 1.208386e-02
5.093860e+03 7.476557e-03 1.267899e-02
5.096155e+03 5.791974e-03 1.262836e-02
5.098450e+03 9.455761e-03 1.261704e-02
5.100745e+03 8.251271e-03 1.351816e-02
5.103040e+03 1.392515e-03 1.156405e-02
5.105335e+03 1.039887e-02 1.182226e-02
5.107629e+03 8.231444e-03 1.412990e-02
5.109921e+03 -4.604186e-04 1.475585e-02
5.112216e+03 1.116507e-02 1.596294e-02
5.114558e+03 2.665337e-02 1.573823e-02
5.116849e+03 3.380074e-02 1.428952e-02
5.119144e+03 2.592870e-02 1.423608e-02
5.121439e+03 2.332893e-02 1.405350e-02
5.123734e+03 2.260167e-02 1.583324e-02
5.126029e+03 1.275353e-02 1.341605e-02
5.128324e+03 5.639811e-03 1.235761e-02
5.130615e+03 8.758629e-03 1.305373e-02
5.132910e+03 9.154390e-03 1.387335e-02
5.135205e+03 1.081900e-02 1.444873e-02
5.137500e+03 2.068060e-02 1.541150e-02
5.139795e+03 1.548999e-02 1.521489e-02
5.142086e+03 2.495562e-03 1.420701e-02
5.144381e+03 5.384087e-03 1.502660e-02
5.146676e+03 8.598198e-03 1.569740e-02
5.148971e+03 7.803732e-04 1.478218e-02
5.151266e+03 1.128445e-03 1.340099e-02
5.153561e+03 1.425144e-02 1.375459e-02
5.155853e+03 1.061903e-02 1.422889e-02
5.158147e+03 1.841406e-03 1.486879e-02
5.160442e+03 4.774708e-03 1.437746e-02
5.162737e+03 5.810453e-03 1.320404e-02
5.165032e+03 8.870004e-03 1.267063e-02
5.167324e+03 1.251616e-02 1.407121e-02
5.169619e+03 8.490948e-03 1.446689e-02
5.171914e+03 5.872047e-03 1.355174e-02
5.174209e+03 4.370321e-03 1.526385e-02
5.176504e+03 9.571418e-04 1.636965e-02
5.178795e+03 4.170976e-03 1.507278e-02
5.181090e+03 1.317526e-02 1.168202e-02
5.183385e+03 1.436806e-02 1.295624e-02
5.185680e+03 1.384590e-02 1.393572e-02
5.187971e+03 1.174073e-02 1.320867e-02
5.190266e+03 8.726198e-03 1.518173e-02
5.192561e+03 1.252365e-02 1.497112e-02
5.194856e+03 1.450230e-02 1.565025e-02
5.197151e+03 7.311447e-03 1.316622e-02
5.199442e+03 5.717203e-03 1.344118e-02
5.201737e+03 8.986923e-03 1.351687e-02
5.204032e+03 1.119008e-02 1.447946e-02
5.206327e+03 1.321077e-02 1.349143e-02
5.208619e+03 1.017674e-02 1.456066e-02
5.210914e+03 1.225074e-02 1.185782e-02
5.213209e+03 9.331832e-03 1.401318e-02
5.215504e+03 1.139458e-03 1.552863e-02
5.217795e+03 5.997553e-03 1.508229e-02
5.220090e+03 6.238873e-03 1.253668e-02
5.222385e+03 8.382990e-03 1.207353e-02
5.224680e+03 1.066740e-02 1.259545e-02
5.226975e+03 7.627945e-03 1.265150e-02
5.229266e+03 9.101272e-03 1.450366e-02
5.231561e+03 9.168568e-03 1.482630e-02
5.233856e+03 5.941146e-03 1.430983e-02
5.236147e+03 4.111348e-03 1.039203e-02
5.238442e+03 7.967263e-03 1.494949e-02
5.240737e+03 6.715582e-03 2.036845e-02
5.243032e+03 5.427433e-03 1.849088e-02
5.245324e+03 8.438568e-03 1.911937e-02
5.247619e+03 6.460078e-03 1.634944e-02
5.249914e+03 1.491252e-02 1.702284e-02
5.252209e+03 1.430347e-02 1.677578e-02
5.254500e+03 4.661157e-03 1.745197e-02
5.256795e+03 8.255888e-03 1.123048e-02
5.259090e+03 9.330609e-03 1.227150e-02
5.261385e+03 1.484469e-02 1.187014e-02
5.263676e+03 1.690713e-02 1.431704e-02
5.265971e+03 1.361822e-02 1.448532e-02
5.268266e+03 9.397715e-03 1.292782e-02
5.270558e+03 8.886943e-03 1.447671e-02
5.272853e+03 9.540704e-03 1.245623e-02
5.275147e+03 6.546564e-03 1.435306e-02
5.277442e+03 2.494582e-03 1.517233e-02
5.279734e+03 -1.596634e-03 1.587935e-02
5.282029e+03 -1.725701e-03 1.593257e-02
5.284324e+03 9.677892e-03 1.560697e-02
5.286615e+03 2.049209e-02 1.547218e-02
5.288910e+03 9.517830e-03 1.439460e-02
5.291205e+03 -1.161662e-03 1.489677e-02
5.293500e+03 8.650676e-03 1.155201e-02
5.295791e+03 1.119558e-02 1.413337e-02
5.298086e+03 9.568093e-03 1.451488e-02
5.300381e+03 1.512928e-02 1.505913e-02
5.302673e+03 6.792980e-03 1.354668e-02
5.304968e+03 -1.290686e-03 1.748038e-02
5.307263e+03 2.763734e-03 1.520755e-02
5.309554e+03 1.254194e-03 1.601272e-02
5.311849e+03 -2.861902e-03 1.633248e-02
5.314144e+03 -6.141829e-03 1.648670e-02
5.316435e+03 -6.178264e-03 1.728904e-02
5.318730e+03 -2.415737e-03 1.601513e-02
5.321025e+03 1.430915e-04 1.597014e-02
5.323317e+03 -3.919561e-03 1.593637e-02
5.325612e+03 6.618602e-03 1.397229e-02
5.327906e+03 1.217939e-02 1.743720e-02
5.330198e+03 9.126768e-03 1.534127e-02
5.332493e+03 1.532995e-02 1.499047e-02
5.334788e+03 9.609217e-03 1.141884e-02
5.337079e+03 9.045236e-03 1.275984e-02
5.339374e+03 1.052372e-02 1.251568e-02
5.341669e+03 6.001091e-03 1.361257e-02
5.343960e+03 2.090129e-03 1.665931e-02
5.346255e+03 9.608923e-03 1.400237e-02
5.348550e+03 2.309213e-02 1.342155e-02
5.350842e+03 2.058107e-02 1.270607e-02
5.353137e+03 8.537055e-03 1.576676e-02
5.355432e+03 2.898036e-03 1.632494e-02
5.357723e+03 6.432870e-03 1.776123e-02
5.360018e+03 1.486873e-02 1.711587e-02
5.362313e+03 1.383064e-02 1.809205e-02
5.364604e+03 4.985171e-03 1.726435e-02
5.366899e+03 3.346806e-03 1.742976e-02
5.369194e+03 1.011049e-02 1.561179e-02
5.371486e+03 1.109230e-02 1.586137e-02
5.373781e+03 9.425871e-04 1.805222e-02
5.376072e+03 1.032351e-03 1.513460e-02
5.378367e+03 7.282519e-03 1.567032e-02
5.380662e+03 4.850308e-03 1.689332e-02
5.382953e+03 5.725516e-03 1.659306e-02
5.385248e+03 1.697166e-03 1.755796e-02
5.387543e+03 1.969262e-03 1.767006e-02
5.389835e+03 8.726976e-03 1.776533e-02
5.392129e+03 1.227267e-02 1.867130e-02
5.394421e+03 1.030338e-02 1.523766e-02
5.396716e+03 1.304394e-03 1.495706e-02
5.399011e+03 -4.908982e-04 1.803420e-02
5.401302e+03 5.969286e-03 1.593586e-02
5.403597e+03 1.531584e-02 1.665668e-02
5.405892e+03 1.317828e-02 1.560748e-02
5.408183e+03 8.751804e-03 1.485843e-02
5.410478e+03 1.456662e-02 1.334923e-02
5.412770e+03 5.135733e-02 1.368014e-02
5.415065e+03 4.173583e-02 1.434765e-02
5.417360e+03 5.525848e-03 1.660559e-02
5.419651e+03 2.532899e-03 1.955072e-02
5.421946e+03 -4.908690e-04 1.894474e-02
5.424237e+03 6.535530e-04 1.682128e-02
5.426532e+03 -4.151299e-04 1.102058e-02
5.428824e+03 -4.953482e-03 1.053807e-02
5.431119e+03 -5.794921e-03 1.359535e-02
5.433414e+03 -7.242206e-03 1.633844e-02
5.435705e+03 -9.732886e-04 1.768749e-02
5.438000e+03 1.744617e-03 1.429912e-02
5.440291e+03 -4.771022e-03 1.270870e-02
5.442586e+03 -2.787987e-03 1.370995e-02
5.444881e+03 7.211142e-03 1.405205e-02
5.447173e+03 1.050111e-02 1.440537e-02
5.449468e+03 5.418812e-03 1.467735e-02
5.451759e+03 4.611011e-03 1.268589e-02
5.454054e+03 6.871601e-04 1.352724e-02
5.456345e+03 -1.183591e-03 1.498281e-02
5.458640e+03 6.254486e-04 1.471347e-02
5.460932e+03 -2.367155e-03 1.523786e-02
5.463227e+03 -3.634853e-03 1.486475e-02
5.465522e+03 -6.282425e-04 1.575655e-02
5.467813e+03 1.435974e-03 1.470752e-02
5.470108e+03 -1.068561e-03 1.615462e-02
5.472399e+03 5.553117e-03 1.544777e-02
5.474694e+03 1.107812e-02 1.451936e-02
5.477032e+03 6.147622e-03 1.449123e-02
5.479324e+03 -2.173531e-03 1.428641e-02
5.481619e+03 -5.006104e-03 1.650472e-02
5.483914e+03 2.496027e-03 1.470693e-02
5.486205e+03 -1.727577e-03 1.648770e-02
5.488500e+03 4.161866e-03 1.513584e-02
5.490791e+03 1.382887e-02 1.554241e-02
5.493086e+03 7.353295e-03 1.325388e-02
5.495378e+03 1.172538e-02 1.401381e-02
5.497673e+03 1.010435e-02 1.580295e-02
5.499964e+03 -2.481905e-03 1.741540e-02
5.502259e+03 -2.613697e-03 1.650668e-02
5.504550e+03 6.393989e-03 1.761431e-02
5.506845e+03 9.310490e-03 1.533146e-02
5.509137e+03 8.093350e-03 1.266724e-02
5.511432e+03 6.923899e-03 1.318317e-02
5.513723e+03 7.193075e-03 1.191554e-02
5.516018e+03 3.791417e-03 1.465808e-02
5.518309e+03 2.347187e-03 1.594797e-02
5.520604e+03 -2.047117e-04 1.486824e-02
5.522896e+03 1.685357e-03 1.522710e-02
5.525191e+03 9.032451e-03 1.599257e-02
5.527482e+03 7.316218e-03 1.460720e-02
5.529777e+03 4.422235e-03 1.420050e-02
5.532068e+03 5.796264e-03 1.402096e-02
5.534363e+03 1.979748e-03 1.453404e-02
5.536655e+03 5.134418e-03 1.389742e-02
5.538950e+03 5.148410e-03 1.431516e-02
5.541241e+03 1.517034e-03 1.369537e-02
5.543536e+03 8.715183e-03 1.408506e-02
5.545827e+03 6.267160e-03 1.385224e-02
5.548122e+03 7.826195e-03 1.541965e-02
5.550414e+03 1.338661e-02 1.097512e-02
5.552709e+03 1.057688e-02 1.234343e-02
5.555000e+03 1.379586e-02 1.337805e-02
5.557295e+03 9.556103e-03 1.271343e-02
5.559586e+03 7.127781e-03 1.497339e-02
5.561881e+03 1.351243e-02 1.411809e-02
5.564173e+03 1.073922e-02 1.547513e-02
5.566468e+03 6.841661e-03 1.474602e-02
5.568759e+03 3.151633e-03 1.562638e-02
5.571054e+03 1.401964e-04 1.620671e-02
5.573345e+03 6.925664e-04 1.312231e-02
5.575637e+03 4.598392e-03 1.258109e-02
5.577932e+03 5.262888e-03 1.377828e-02
5.580223e+03 4.003923e-03 1.406139e-02
5.582518e+03 2.307570e-03 1.515762e-02
5.584809e+03 -8.773205e-03 1.417620e-02
5.587104e+03 -7.808642e-03 1.420135e-02
5.589396e+03 5.952480e-03 1.314144e-02
5.591691e+03 7.735659e-03 1.342175e-02
5.593982e+03 2.495361e-04 1.243755e-02
5.596277e+03 -2.130858e-03 1.244029e-02
5.598568e+03 -1.371032e-03 1.133554e-02
5.600860e+03 -4.244849e-03 1.119810e-02
5.603155e+03 3.084088e-04 1.208682e-02
5.605446e+03 1.028117e-02 1.312412e-02
5.607741e+03 1.187641e-02 1.396796e-02
5.610032e+03 1.676595e-03 1.297539e-02
5.612327e+03 2.416751e-03 1.326409e-02
5.614619e+03 1.323879e-02 1.416119e-02
5.616910e+03 1.669839e-02 1.385552e-02
5.619205e+03 1.017430e-02 1.150321e-02
5.621496e+03 6.061373e-03 1.250684e-02
5.623791e+03 5.413714e-03 1.247593e-02
5.626083e+03 4.547382e-03 1.359729e-02
5.628374e+03 2.422268e-03 1.539710e-02
5.630669e+03 4.348284e-03 1.394479e-02
5.632960e+03 6.798537e-03 1.532685e-02
5.635255e+03 4.653820e-03 1.763125e-02
5.637547e+03 4.053849e-03 1.673404e-02
5.639838e+03 1.444912e-02 1.480235e-02
5.642133e+03 1.247821e-02 1.586199e-02
5.644424e+03 -3.823901e-03 1.670855e-02
5.646719e+03 -3.504290e-03 1.778217e-02
5.649011e+03 -2.744546e-03 1.401709e-02
5.651302e+03 1.928741e-03 1.327692e-02
5.653597e+03 3.341638e-03 1.262646e-02
5.655888e+03 1.682024e-05 1.560077e-02
5.658183e+03 1.161712e-02 1.548015e-02
5.660475e+03 2.332102e-02 1.569312e-02
5.662766e+03 1.827771e-02 1.422410e-02
5.665061e+03 1.044515e-02 1.131698e-02
5.667353e+03 7.316613e-03 1.069739e-02
5.669647e+03 4.546929e-03 1.191116e-02
5.671939e+03 -2.691140e-04 1.258388e-02
5.674230e+03 -2.786438e-03 1.369391e-02
5.676525e+03 3.857261e-03 1.563929e-02
5.678817e+03 6.966021e-03 1.699317e-02
5.681108e+03 8.493737e-03 1.736310e-02
5.683403e+03 9.522465e-03 1.747794e-02
5.685694e+03 8.342277e-03 1.537827e-02
5.687986e+03 2.632177e-03 1.487922e-02
5.690281e+03 2.113579e-03 1.532765e-02
5.692572e+03 3.627263e-03 1.634231e-02
5.694863e+03 1.510885e-03 1.755038e-02
5.697158e+03 7.515143e-03 1.586842e-02
5.699450e+03 3.691679e-03 1.242613e-02
5.701745e+03 -2.264892e-03 1.383602e-02
5.704036e+03 2.130333e-03 1.364534e-02
5.706327e+03 4.877315e-03 1.260814e-02
5.708622e+03 1.085337e-02 1.296967e-02
5.710914e+03 1.595763e-02 1.341528e-02
5.713205e+03 6.872986e-03 1.256871e-02
5.715500e+03 -1.552861e-03 1.168570e-02
5.717791e+03 4.294171e-03 1.327773e-02
5.720083e+03 6.362742e-03 1.220973e-02
5.722378e+03 8.383640e-03 1.458378e-02
5.724669e+03 1.675879e-02 1.574692e-02
5.726960e+03 9.650478e-03 1.530398e-02
5.729252e+03 1.149755e-02 1.500119e-02
5.731547e+03 1.269153e-02 1.363050e-02
5.733838e+03 2.432904e-03 1.305864e-02
5.736129e+03 -3.447531e-03 1.428343e-02
5.738424e+03 3.195257e-04 1.497846e-02
5.740716e+03 3.795048e-03 1.303602e-02
5.743007e+03 2.388010e-03 1.395528e-02
5.745302e+03 6.642671e-03 1.493340e-02
5.747594e+03 8.548542e-03 1.529768e-02
5.749885e+03 3.531512e-04 1.709700e-02
5.752180e+03 -3.517478e-03 1.870570e-02
5.754471e+03 3.876215e-03 1.768821e-02
5.756763e+03 7.587029e-03 1.417908e-02
5.759054e+03 4.820698e-04 1.483205e-02
5.761349e+03 -2.606527e-03 1.395473e-02
5.763640e+03 6.432203e-03 1.395186e-02
5.765932e+03 6.017374e-03 1.376681e-02
5.768227e+03 2.396287e-03 1.718600e-02
5.770518e+03 6.866519e-04 1.828737e-02
5.772809e+03 1.223636e-02 1.797338e-02
5.775101e+03 2.679038e-02 1.689708e-02
5.777396e+03 1.560779e-02 1.234834e-02
5.779687e+03 9.587717e-03 1.413074e-02
5.781978e+03 1.401576e-02 1.386442e-02
5.784270e+03 3.351885e-03 1.493214e-02
5.786565e+03 1.771221e-03 1.504417e-02
5.788856e+03 7.213766e-03 1.584562e-02
5.791147e+03 9.245571e-03 1.658261e-02
5.793439e+03 1.166130e-02 1.578101e-02
5.795734e+03 9.035292e-03 1.420593e-02
5.798025e+03 1.215162e-02 1.275416e-02
5.800317e+03 1.319409e-02 1.267003e-02
5.802608e+03 9.122036e-03 1.504926e-02
5.804903e+03 1.038310e-02 1.360873e-02
5.807194e+03 2.199637e-02 1.328638e-02
5.809486e+03 2.133209e-02 1.131340e-02
5.811777e+03 1.078649e-02 1.326103e-02
5.814072e+03 7.045237e-03 1.209236e-02
5.816363e+03 9.264695e-03 1.102740e-02
5.818655e+03 1.763534e-02 1.026510e-02
5.820946e+03 9.606493e-03 1.078629e-02
5.823241e+03 2.606183e-04 1.345687e-02
5.825532e+03 -5.800831e-04 1.536800e-02
5.827824e+03 -8.743239e-04 1.516896e-02
5.830115e+03 5.142233e-03 1.006589e-02
5.832406e+03 9.216743e-03 1.176683e-02
5.834701e+03 5.991275e-03 1.328281e-02
5.836993e+03 -5.940804e-04 1.391326e-02
5.839284e+03 -5.397139e-03 1.373384e-02
5.841576e+03 -2.045635e-03 1.481544e-02
5.843871e+03 8.406681e-06 1.476774e-02
5.846162e+03 1.008797e-04 1.667597e-02
5.848453e+03 -3.928685e-03 1.617430e-02
5.850745e+03 -3.491524e-03 1.533917e-02
5.853036e+03 -8.406520e-04 1.273588e-02
5.855331e+03 -2.236124e-03 1.229308e-02
5.857622e+03 4.021081e-03 1.359041e-02
5.859914e+03 6.910063e-03 9.656152e-03
5.862205e+03 -7.285513e-04 1.318118e-02
5.864496e+03 -3.477416e-03 1.724697e-02
5.866788e+03 1.036775e-03 1.605600e-02
5.869083e+03 7.913078e-03 1.355086e-02
5.871374e+03 8.453838e-03 1.580366e-02
5.873665e+03 9.597038e-03 1.679832e-02
5.875957e+03 8.075483e-03 1.786302e-02
5.878295e+03 1.852141e-03 1.771722e-02
5.880586e+03 8.711464e-03 1.459009e-02
5.882878e+03 9.798602e-03 1.653181e-02
5.885173e+03 7.996876e-03 1.731629e-02
5.887464e+03 8.949512e-03 1.510545e-02
5.889755e+03 5.410589e-03 1.589834e-02
5.892047e+03 4.852976e-03 1.344095e-02
5.894338e+03 6.304359e-03 1.422543e-02
5.896629e+03 4.130035e-03 1.247417e-02
5.898921e+03 1.252454e-03 1.259739e-02
5.901216e+03 3.950675e-04 1.323617e-02
5.903507e+03 5.923185e-03 1.295312e-02
5.905799e+03 8.397210e-03 1.427274e-02
5.908090e+03 8.063751e-03 1.397847e-02
5.910381e+03 3.418252e-03 1.647486e-02
5.912673e+03 -7.396841e-04 1.594523e-02
5.914968e+03 9.789562e-03 1.632901e-02
5.917259e+03 6.856022e-03 1.609078e-02
5.919550e+03 -2.728948e-03 1.540427e-02
5.921842e+03 2.843809e-03 1.726178e-02
5.924133e+03 1.050943e-02 1.719726e-02
5.926424e+03 8.301603e-03 1.879698e-02
5.928716e+03 4.384727e-03 1.643503e-02
5.931007e+03 4.463157e-03 1.547956e-02
5.933302e+03 6.331884e-03 1.582690e-02
5.935594e+03 5.376473e-03 1.473697e-02
5.937885e+03 2.641996e-03 1.076410e-02
5.940176e+03 1.084250e-03 1.310065e-02
5.942468e+03 -2.319780e-03 1.282603e-02
5.944759e+03 6.034763e-03 1.446774e-02
5.947050e+03 7.158194e-03 1.533899e-02
5.949342e+03 3.930686e-03 1.586282e-02
5.951633e+03 3.042554e-03 1.728037e-02
5.953924e+03 5.953409e-03 1.382031e-02
5.956219e+03 5.435086e-03 1.506135e-02
5.958511e+03 6.362386e-03 1.374174e-02
5.960802e+03 9.662602e-03 1.618465e-02
5.963094e+03 6.404350e-03 1.471936e-02
5.965385e+03 -7.704236e-04 1.631617e-02
5.967676e+03 -3.204948e-03 1.555689e-02
5.969968e+03 2.078724e-03 1.998601e-02
5.972259e+03 -6.365016e-03 1.689867e-02
5.974550e+03 -1.113592e-02 1.608336e-02
5.976842e+03 1.487585e-03 1.416147e-02
5.979133e+03 5.911092e-03 1.193424e-02
5.981424e+03 3.762352e-03 1.190618e-02
5.983719e+03 6.252815e-03 1.297627e-02
5.986011e+03 -3.725901e-04 1.537984e-02
5.988302e+03 -1.010471e-02 1.495676e-02
5.990594e+03 -7.603008e-03 1.481382e-02
5.992885e+03 1.280236e-03 1.341586e-02
5.995176e+03 2.484823e-03 1.592864e-02
5.997468e+03 1.851703e-03 1.622551e-02
5.999759e+03 5.000417e-03 1.649437e-02
6.002050e+03 4.711855e-03 1.614413e-02
6.004342e+03 1.472098e-02 1.722817e-02
6.006633e+03 1.411584e-02 1.514672e-02
6.008924e+03 3.434398e-03 1.330059e-02
6.011216e+03 5.283237e-03 1.292236e-02
6.013507e+03 1.452464e-02 1.272621e-02
6.015799e+03 1.284661e-02 1.337605e-02
6.018090e+03 5.487659e-03 1.447969e-02
6.020381e+03 -1.235348e-03 1.363365e-02
6.022673e+03 -6.095478e-03 1.399495e-02
6.024964e+03 -2.481880e-03 1.440387e-02
6.027255e+03 4.294249e-03 1.316287e-02
6.029547e+03 7.560424e-03 1.633096e-02
6.031838e+03 4.271804e-03 1.321878e-02
6.034129e+03 1.165287e-03 1.519075e-02
6.036421e+03 -2.448212e-03 1.320746e-02
6.038712e+03 -7.507070e-04 1.472562e-02
6.041004e+03 5.711513e-03 1.617935e-02
6.043299e+03 5.753505e-03 1.432774e-02
6.045590e+03 8.344506e-03 1.596072e-02
6.047881e+03 4.492961e-03 1.643684e-02
6.050173e+03 -4.291264e-03 1.364969e-02
6.052464e+03 -9.243542e-05 1.621261e-02
6.054755e+03 3.753423e-04 1.484282e-02
6.057043e+03 -3.988694e-03 1.674747e-02
6.059335e+03 -4.448047e-03 1.485950e-02
6.061626e+03 -6.341522e-03 1.764646e-02
6.063917e+03 -4.027856e-03 1.557363e-02
6.066209e+03 -1.669397e-03 1.412825e-02
6.068500e+03 -8.739086e-04 1.437748e-02
6.070791e+03 1.798227e-03 1.487599e-02
6.073083e+03 2.758951e-03 1.518683e-02
6.075374e+03 4.991298e-03 1.272193e-02
6.077665e+03 8.996625e-03 1.735744e-02
6.079957e+03 1.149502e-02 1.674956e-02
6.082248e+03 1.083675e-02 1.602965e-02
6.084540e+03 6.209608e-03 1.538538e-02
6.086831e+03 5.750235e-03 1.195422e-02
6.089122e+03 -1.075539e-03 1.126515e-02
6.091414e+03 -7.371890e-03 1.205775e-02
6.093705e+03 9.803006e-04 1.447484e-02
6.095996e+03 5.262790e-03 1.296792e-02
6.098288e+03 7.030095e-03 1.588634e-02
6.100579e+03 1.015859e-02 1.563419e-02
6.102871e+03 1.399005e-02 1.526442e-02
6.105162e+03 1.611860e-02 1.693924e-02
6.107453e+03 1.090907e-02 1.554718e-02
6.109745e+03 4.792128e-03 1.648817e-02
6.112036e+03 6.296119e-03 1.843463e-02
6.114327e+03 1.727504e-02 1.776518e-02
6.116615e+03 1.689127e-02 1.607906e-02
6.118906e+03 1.465342e-02 1.643188e-02
6.121198e+03 3.470091e-03 1.325300e-02
6.123489e+03 -7.307041e-03 1.717673e-02
6.125781e+03 -2.610247e-03 1.449920e-02
6.128072e+03 1.789636e-03 1.477640e-02
6.130363e+03 -3.878928e-03 1.503400e-02
6.132655e+03 -5.156013e-03 1.468386e-02
6.134946e+03 -4.284992e-04 1.422449e-02
6.137237e+03 2.254512e-03 1.445129e-02
6.139529e+03 -3.234722e-03 1.502535e-02
6.141820e+03 -4.747039e-03 1.434194e-02
6.144108e+03 -1.064229e-04 1.564976e-02
6.146399e+03 2.400106e-03 1.863233e-02
6.148691e+03 -2.316079e-03 1.790690e-02
6.150982e+03 -3.567922e-03 1.616487e-02
6.153273e+03 2.559708e-03 1.615921e-02
6.155565e+03 3.248630e-04 1.541139e-02
6.157856e+03 2.030386e-03 1.427152e-02
6.160147e+03 6.079932e-03 1.532445e-02
6.162439e+03 6.141518e-03 1.664343e-02
6.164727e+03 9.642116e-03 1.567439e-02
6.167018e+03 1.764307e-03 1.531306e-02
6.169309e+03 2.716461e-04 1.477531e-02
6.171601e+03 5.430099e-03 1.382309e-02
6.173892e+03 1.475839e-03 1.376422e-02
6.176183e+03 9.913563e-04 1.435226e-02
6.178475e+03 1.092728e-02 1.201105e-02
6.180766e+03 1.064439e-02 1.108966e-02
6.183054e+03 1.786660e-03 1.219858e-02
6.185345e+03 6.048855e-04 1.290983e-02
6.187637e+03 4.066159e-03 1.563735e-02
6.189928e+03 3.072008e-03 1.655581e-02
6.192219e+03 -3.436044e-03 1.705701e-02
6.194511e+03 -1.251757e-03 1.843471e-02
6.196799e+03 2.985161e-03 1.765894e-02
6.199090e+03 1.484174e-03 1.633152e-02
6.201381e+03 3.466793e-03 1.586380e-02
6.203673e+03 -3.024331e-04 1.232695e-02
6.205964e+03 -1.117318e-03 1.280855e-02
6.208255e+03 8.120822e-05 1.617164e-02
6.210543e+03 3.083101e-03 1.389495e-02
6.212835e+03 3.699146e-03 1.269639e-02
6.215126e+03 2.598632e-03 1.322558e-02
6.217417e+03 9.257589e-03 1.715426e-02
6.219709e+03 8.957927e-03 1.512403e-02
6.222000e+03 4.670761e-03 1.467034e-02
6.224288e+03 1.702525e-03 1.579316e-02
6.226579e+03 -2.144949e-03 1.748721e-02
6.228871e+03 8.733773e-03 1.789597e-02
6.231162e+03 1.481291e-02 1.395046e-02
6.233453e+03 2.998972e-03 1.453564e-02
6.235741e+03 2.234520e-03 1.260628e-02
6.238032e+03 3.024151e-03 1.403710e-02
6.240324e+03 -2.660122e-04 1.375423e-02
6.242615e+03 -6.888287e-04 1.487422e-02
6.244906e+03 1.976875e-03 1.221406e-02
6.247194e+03 2.419282e-03 1.114438e-02
6.249486e+03 -1.083633e-03 1.396402e-02
6.251777e+03 -3.052079e-04 1.326675e-02
6.254068e+03 3.138870e-03 1.148305e-02
6.256360e+03 9.335371e-03 1.055339e-02
6.258647e+03 5.756882e-03 1.214377e-02
6.260939e+03 1.618417e-03 1.286053e-02
6.263230e+03 5.138035e-03 1.256648e-02
6.265522e+03 1.346804e-03 1.282403e-02
6.267809e+03 8.945990e-03 1.176838e-02
6.270101e+03 1.829791e-02 1.509752e-02
6.272392e+03 1.365268e-02 1.198109e-02
6.274683e+03 4.535943e-04 1.166185e-02
6.276971e+03 -3.105149e-03 1.379537e-02
6.279263e+03 -2.547947e-04 1.420131e-02
6.281554e+03 1.595961e-03 1.929713e-02
6.283845e+03 5.941433e-03 1.856347e-02
6.286133e+03 7.195769e-03 1.709905e-02
6.288424e+03 1.859133e-03 1.801735e-02
6.290716e+03 6.252151e-03 1.871165e-02
6.293007e+03 1.177909e-02 1.762803e-02
6.295295e+03 9.939526e-03 1.743757e-02
6.297586e+03 9.121931e-03 1.728911e-02
6.299878e+03 1.632310e-03 1.594792e-02
6.302169e+03 -1.187130e-03 1.577707e-02
6.304457e+03 -2.211861e-04 1.469628e-02
6.306748e+03 4.874474e-03 1.887074e-02
6.309040e+03 9.930899e-03 1.852909e-02
6.311327e+03 7.901013e-03 1.518327e-02
6.313619e+03 2.998566e-03 1.703387e-02
6.315910e+03 -3.065748e-03 1.712900e-02
6.318201e+03 -2.242607e-03 1.418638e-02
6.320489e+03 3.211311e-03 1.705047e-02
6.322781e+03 4.826750e-03 1.509339e-02
6.325072e+03 -3.359674e-05 1.259038e-02
6.327360e+03 5.683426e-04 1.282830e-02
6.329651e+03 1.691023e-03 1.399293e-02
6.331942e+03 -8.021128e-03 1.585748e-02
6.334234e+03 -1.004247e-02 1.933183e-02
6.336522e+03 -2.827671e-03 1.685684e-02
6.338813e+03 1.632204e-03 1.822021e-02
6.341104e+03 5.184959e-03 1.511533e-02
6.343392e+03 3.947497e-04 1.425858e-02
6.345683e+03 -2.122122e-03 1.504803e-02
6.347975e+03 1.234633e-03 1.310783e-02
6.350263e+03 4.837728e-03 1.357532e-02
6.352554e+03 5.058880e-03 1.396161e-02
6.354845e+03 2.970366e-03 1.342124e-02
6.357133e+03 3.225117e-03 1.474819e-02
6.359424e+03 8.538687e-04 2.113115e-02
6.714802e+03 -3.466807e-03 2.368565e-02
6.717090e+03 1.006182e-02 1.376086e-02
6.719378e+03 1.137687e-02 1.747663e-02
6.721665e+03 1.167903e-02 1.863496e-02
6.723957e+03 1.263312e-02 1.668187e-02
6.726245e+03 1.062689e-02 1.406287e-02
6.728532e+03 2.316756e-03 1.352281e-02
6.730820e+03 3.435952e-03 1.638233e-02
6.733112e+03 6.191969e-03 1.696146e-02
6.735399e+03 5.125914e-03 1.582262e-02
6.737687e+03 8.701717e-03 1.513987e-02
6.739975e+03 6.172323e-03 1.647445e-02
6.742266e+03 1.522091e-03 1.613864e-02
6.744554e+03 5.176213e-04 1.615818e-02
6.746842e+03 -2.755975e-03 1.343013e-02
6.749129e+03 -9.468213e-03 1.403164e-02
6.751417e+03 -9.451397e-03 1.361751e-02
6.753709e+03 -2.604861e-03 1.372379e-02
6.755996e+03 5.240483e-03 1.468902e-02
6.758284e+03 4.602546e-03 1.544721e-02
6.760572e+03 -3.158819e-03 1.607948e-02
6.762860e+03 -2.498509e-03 2.244182e-02
