6.110921e+03 -4.192754e-03 1.505694e-02
6.114773e+03 -4.117102e-04 1.362285e-02
6.118626e+03 5.707890e-03 1.381601e-02
6.122478e+03 9.415991e-03 1.411839e-02
6.126331e+03 1.160887e-02 1.295880e-02
6.130183e+03 1.933304e-02 1.141274e-02
6.134036e+03 1.524395e-02 1.314066e-02
6.137888e+03 6.965173e-03 1.261405e-02
6.141741e+03 2.355316e-03 1.374261e-02
6.145594e+03 -5.321129e-05 1.345966e-02
6.149446e+03 3.105838e-03 1.322711e-02
6.153295e+03 4.091612e-03 1.167832e-02
6.157147e+03 2.142410e-03 1.152141e-02
6.161000e+03 6.077122e-04 9.670186e-03
6.164853e+03 3.321391e-03 1.149324e-02
6.168705e+03 5.102473e-03 1.110670e-02
6.172558e+03 8.009313e-03 1.210359e-02
6.176410e+03 1.215951e-02 1.156302e-02
6.180335e+03 9.322602e-03 1.281753e-02
6.184187e+03 8.101562e-03 1.087116e-02
6.188040e+03 9.902154e-03 1.138916e-02
6.191892e+03 7.129727e-03 1.174192e-02
6.195745e+03 3.875679e-03 1.268276e-02
6.199597e+03 1.001957e-02 1.027720e-02
6.203450e+03 7.692443e-03 1.241376e-02
6.207302e+03 2.472655e-03 1.011744e-02
6.211151e+03 3.211909e-03 1.262921e-02
6.215004e+03 3.973557e-03 1.105259e-02
6.218856e+03 6.227717e-03 1.097131e-02
6.222709e+03 3.262249e-03 1.145567e-02
6.226561e+03 4.558716e-03 1.160961e-02
6.230414e+03 1.164593e-02 1.052866e-02
6.234266e+03 1.490244e-02 1.104382e-02
6.238119e+03 1.460272e-02 1.309905e-02
6.241971e+03 1.105207e-02 1.149729e-02
6.245824e+03 9.716353e-03 1.093160e-02
6.249676e+03 5.028951e-03 9.831092e-03
6.253529e+03 -1.920844e-03 1.020344e-02
6.257381e+03 1.173219e-03 1.156699e-02
6.261234e+03 5.927658e-03 1.202612e-02
6.265086e+03 2.136407e-03 1.083044e-02
6.268935e+03 4.241985e-03 9.883968e-03
6.272788e+03 1.363307e-02 1.074630e-02
6.276640e+03 1.024223e-02 1.104582e-02
6.280493e+03 6.420254e-03 1.072655e-02
6.284345e+03 3.354301e-03 1.058929e-02
6.288198e+03 1.178758e-03 1.156919e-02
6.292050e+03 1.036796e-02 1.075155e-02
6.295903e+03 1.967184e-02 1.143744e-02
6.299755e+03 1.639590e-02 1.197214e-02
6.303608e+03 8.242692e-03 1.019417e-02
6.307460e+03 7.153513e-03 1.029770e-02
6.311313e+03 5.997155e-03 9.614485e-03
6.315165e+03 9.118864e-03 1.007639e-02
6.319014e+03 8.161288e-03 1.146220e-02
6.322867e+03 8.032449e-03 1.145373e-02
6.326719e+03 1.190441e-02 1.176722e-02
6.330572e+03 1.151237e-02 1.058568e-02
6.334424e+03 1.007327e-02 1.143391e-02
6.338277e+03 6.898378e-03 1.092710e-02
6.342129e+03 2.444094e-03 1.192651e-02
6.345982e+03 1.125452e-03 1.131891e-02
6.349835e+03 5.618825e-03 1.012060e-02
6.353687e+03 1.348565e-02 1.079804e-02
6.357540e+03 9.661345e-03 1.050682e-02
6.361392e+03 4.084559e-03 1.183934e-02
6.365241e+03 4.216112e-03 1.075585e-02
6.369094e+03 4.006122e-03 1.155084e-02
6.372946e+03 7.774234e-03 1.063813e-02
6.376799e+03 1.236535e-02 1.021534e-02
6.380723e+03 1.662607e-02 1.056801e-02
6.384576e+03 1.410086e-02 1.022081e-02
6.388428e+03 9.856824e-03 1.027114e-02
6.392281e+03 8.280686e-03 1.004992e-02
6.396133e+03 7.124481e-03 9.288422e-03
6.399986e+03 3.345266e-03 1.063767e-02
6.403835e+03 4.954883e-03 9.380687e-03
6.407687e+03 4.980048e-03 9.288250e-03
6.411540e+03 2.930904e-03 9.682898e-03
6.415392e+03 5.914959e-03 8.285979e-03
6.419245e+03 8.926969e-03 9.092129e-03
6.423097e+03 8.235491e-03 8.750559e-03
6.426950e+03 1.015574e-02 9.464318e-03
6.430802e+03 8.414543e-03 1.082470e-02
6.434655e+03 6.242287e-04 1.129770e-02
6.438507e+03 1.948254e-03 1.139841e-02
6.442356e+03 3.661352e-03 1.093927e-02
6.446209e+03 3.151878e-03 1.049413e-02
6.450061e+03 7.065092e-03 1.036531e-02
6.453914e+03 5.052461e-03 1.065355e-02
6.457766e+03 6.183279e-03 1.045755e-02
6.461619e+03 8.780822e-03 1.003762e-02
6.465471e+03 2.955846e-03 1.110962e-02
6.469324e+03 5.536581e-03 1.124670e-02
6.473176e+03 6.530214e-03 9.575596e-03
6.477025e+03 8.984941e-04 1.061119e-02
6.480878e+03 2.009704e-03 1.142564e-02
6.484730e+03 5.172576e-03 1.063345e-02
6.488583e+03 1.704589e-03 1.040667e-02
6.492435e+03 1.357506e-03 1.159338e-02
6.496288e+03 2.043244e-03 1.030019e-02
6.500140e+03 1.371484e-03 9.815908e-03
6.503993e+03 6.017702e-03 9.762671e-03
6.507845e+03 9.723428e-03 1.127683e-02
6.511694e+03 1.165461e-02 1.363343e-02
6.515547e+03 1.439465e-02 1.113115e-02
6.519399e+03 1.446453e-02 1.036979e-02
6.523252e+03 9.675620e-03 9.781978e-03
6.527104e+03 1.855626e-03 1.045084e-02
6.530957e+03 1.074745e-03 1.008414e-02
6.534809e+03 8.256461e-04 1.049830e-02
6.538662e+03 -1.698862e-03 1.015119e-02
6.542511e+03 2.177441e-03 9.636156e-03
6.546363e+03 6.876533e-03 1.027142e-02
6.550216e+03 1.290217e-02 1.107459e-02
6.554068e+03 1.153072e-02 1.002501e-02
6.557921e+03 8.270166e-03 1.052872e-02
6.561773e+03 8.138581e-03 1.129270e-02
6.565626e+03 5.356657e-03 1.101837e-02
6.569478e+03 1.433191e-02 1.017871e-02
6.573327e+03 2.083866e-02 9.330661e-03
6.577180e+03 1.405189e-02 1.055641e-02
6.581032e+03 8.838001e-03 1.107968e-02
6.584885e+03 5.966594e-03 1.069901e-02
6.588737e+03 9.322052e-03 1.092284e-02
6.592590e+03 1.124741e-02 1.058135e-02
6.596442e+03 6.579376e-03 1.215687e-02
6.600291e+03 5.806945e-03 1.241147e-02
6.604144e+03 7.248144e-03 1.240860e-02
6.607996e+03 4.735054e-03 1.127794e-02
6.611849e+03 8.619318e-04 1.036557e-02
6.615701e+03 9.078218e-03 1.092241e-02
6.619554e+03 7.564208e-03 1.020035e-02
6.623406e+03 -1.721036e-03 1.059767e-02
6.627255e+03 4.589405e-04 1.063119e-02
6.631108e+03 -3.665905e-04 1.019178e-02
6.634960e+03 9.514514e-05 9.606860e-03
6.638813e+03 2.135157e-03 8.392314e-03
6.642665e+03 2.230289e-03 9.752268e-03
6.646518e+03 2.434555e-03 9.293284e-03
6.650367e+03 4.527689e-03 9.469528e-03
6.654291e+03 6.312982e-03 9.170055e-03
6.658144e+03 1.413138e-03 8.962931e-03
6.661996e+03 -1.687361e-03 1.002063e-02
6.665849e+03 2.577199e-03 8.811727e-03
6.669701e+03 1.466281e-03 8.699749e-03
6.673554e+03 6.967595e-04 8.484238e-03
6.677403e+03 4.796142e-03 9.180947e-03
6.681255e+03 2.529573e-03 9.793701e-03
6.685108e+03 4.535859e-03 9.622959e-03
6.688960e+03 1.240988e-02 9.925109e-03
6.692813e+03 1.008175e-02 9.941844e-03
6.696665e+03 7.031726e-03 9.222669e-03
6.700514e+03 6.922561e-03 8.668590e-03
6.704367e+03 3.478050e-03 8.906383e-03
6.708219e+03 4.102007e-03 8.489419e-03
6.712072e+03 9.555441e-03 7.258219e-03
6.715924e+03 7.977282e-03 7.717060e-03
6.719773e+03 4.745491e-03 9.379061e-03
6.723626e+03 5.940226e-03 8.799818e-03
6.727478e+03 6.950281e-03 9.059987e-03
6.731331e+03 7.017396e-03 8.900451e-03
6.735183e+03 6.899840e-03 1.059878e-02
6.739036e+03 4.644638e-03 9.216528e-03
6.742885e+03 3.654135e-03 7.795114e-03
6.746737e+03 4.031837e-03 9.543790e-03
6.750590e+03 2.395028e-03 9.437416e-03
6.754442e+03 -5.595829e-06 8.421724e-03
6.758295e+03 4.188456e-03 8.063548e-03
6.762144e+03 7.366833e-03 8.424431e-03
6.765996e+03 5.220826e-03 1.003316e-02
6.769849e+03 7.487063e-03 1.057030e-02
6.773701e+03 2.797842e-03 1.007223e-02
6.777554e+03 8.329130e-03 9.006202e-03
6.781406e+03 1.720095e-02 8.628450e-03
6.785255e+03 1.044977e-02 8.474527e-03
6.789108e+03 7.293819e-03 8.950107e-03
6.792960e+03 7.590345e-03 8.191865e-03
6.796813e+03 9.235382e-03 8.852093e-03
6.800665e+03 7.537108e-03 8.191779e-03
6.804514e+03 6.236127e-03 8.527464e-03
6.808367e+03 4.009119e-03 7.092194e-03
6.812219e+03 6.166121e-03 8.121709e-03
6.816072e+03 8.932996e-03 9.086866e-03
6.819921e+03 5.142110e-03 8.379012e-03
6.823773e+03 3.186525e-03 8.720282e-03
6.827626e+03 1.068698e-03 8.149517e-03
6.831478e+03 4.174053e-03 8.675429e-03
6.835331e+03 7.458426e-03 8.605446e-03
6.839180e+03 5.153169e-03 9.606941e-03
6.843032e+03 5.211891e-03 8.112982e-03
6.846885e+03 5.046809e-03 7.869555e-03
6.850737e+03 5.038391e-03 7.768802e-03
6.854590e+03 3.818639e-03 9.648707e-03
6.858439e+03 3.323457e-03 8.400963e-03
6.862291e+03 4.081565e-03 8.336578e-03
6.866144e+03 5.885930e-03 9.019123e-03
6.869996e+03 5.253669e-03 9.578573e-03
6.873845e+03 2.685568e-04 8.789640e-03
6.877698e+03 -2.954111e-03 8.926672e-03
6.881622e+03 -1.256050e-03 8.700032e-03
6.885475e+03 4.506650e-03 9.477673e-03
6.889327e+03 8.741907e-03 9.083191e-03
6.893176e+03 7.617311e-03 8.716687e-03
6.897029e+03 -8.671885e-05 8.187937e-03
6.900881e+03 -1.228045e-03 7.636816e-03
6.904734e+03 2.713434e-03 8.517945e-03
6.908583e+03 3.054695e-03 8.254951e-03
6.912435e+03 5.731723e-03 8.151410e-03
6.916288e+03 3.177748e-03 9.091267e-03
6.920140e+03 3.588936e-03 9.877262e-03
6.923993e+03 4.103616e-03 9.491190e-03
6.927842e+03 -3.320360e-03 8.386220e-03
6.931694e+03 -5.292411e-03 9.147031e-03
6.935547e+03 -2.995848e-03 8.696630e-03
6.939399e+03 -2.181839e-03 9.488204e-03
6.943248e+03 -2.752461e-03 9.457388e-03
6.947101e+03 -6.257344e-03 9.365033e-03
6.950953e+03 -1.292301e-03 9.068485e-03
6.954806e+03 3.099269e-03 8.385931e-03
6.958655e+03 2.995761e-03 9.359304e-03
6.962507e+03 5.046056e-03 8.643187e-03
6.966360e+03 5.873982e-03 8.567624e-03
6.970209e+03 4.648816e-03 9.437486e-03
6.974061e+03 4.159300e-03 8.556351e-03
6.977914e+03 3.406859e-03 9.691931e-03
6.981766e+03 3.798436e-03 9.803767e-03
6.985615e+03 6.780089e-03 9.512824e-03
6.989468e+03 6.813622e-03 8.802328e-03
6.993320e+03 6.097546e-03 1.067630e-02
6.997173e+03 2.072596e-03 9.051177e-03
7.001022e+03 -1.227889e-03 1.033496e-02
7.004874e+03 -1.191522e-03 8.561616e-03
7.008727e+03 1.398493e-05 8.634296e-03
7.012579e+03 5.286278e-04 8.838435e-03
7.016428e+03 1.692161e-03 8.323751e-03
7.020281e+03 3.708751e-03 8.815975e-03
7.024133e+03 4.002410e-03 8.855090e-03
7.027982e+03 3.862546e-03 7.951642e-03
7.031835e+03 4.914164e-03 6.533573e-03
7.035687e+03 5.828726e-03 8.057849e-03
7.039540e+03 5.853871e-03 8.840939e-03
7.043388e+03 5.258109e-03 9.445019e-03
7.047241e+03 1.963391e-03 1.008545e-02
7.051094e+03 1.157892e-03 7.702499e-03
7.054942e+03 4.321099e-03 8.857553e-03
7.058795e+03 5.618800e-03 7.512244e-03
7.062647e+03 5.688695e-03 7.632471e-03
7.066500e+03 6.838147e-03 6.480158e-03
7.070349e+03 7.123386e-03 7.898094e-03
7.074201e+03 3.613416e-03 8.043488e-03
7.078054e+03 2.670896e-03 8.717468e-03
7.081903e+03 5.554318e-03 8.695053e-03
7.085755e+03 8.345421e-03 8.255927e-03
7.089608e+03 7.131612e-03 8.359368e-03
7.093457e+03 6.124768e-03 8.034912e-03
7.097309e+03 5.937360e-03 7.265786e-03
7.101162e+03 5.243758e-03 8.194247e-03
7.105011e+03 5.087122e-03 9.363212e-03
7.108863e+03 5.582107e-03 9.805041e-03
7.112716e+03 7.064294e-03 9.852540e-03
7.116568e+03 5.070272e-03 9.100202e-03
7.120417e+03 3.803388e-03 9.522448e-03
7.124270e+03 1.999565e-03 9.024611e-03
7.128122e+03 2.248452e-03 8.795250e-03
7.131971e+03 5.095348e-03 8.040138e-03
7.135824e+03 3.048248e-03 9.390837e-03
7.139676e+03 -1.778602e-03 8.182688e-03
7.143525e+03 -2.502895e-03 9.024405e-03
7.147378e+03 1.683504e-03 8.107108e-03
7.151230e+03 4.110864e-03 7.631664e-03
7.155079e+03 2.555995e-03 7.712729e-03
7.158932e+03 3.386538e-03 7.542109e-03
7.162784e+03 5.411167e-03 8.129334e-03
7.166633e+03 1.331113e-03 9.426852e-03
7.170486e+03 5.760672e-04 9.066069e-03
7.174338e+03 3.434017e-03 9.096788e-03
7.178187e+03 2.751675e-03 8.403237e-03
7.182040e+03 2.253903e-03 6.001086e-03
7.185892e+03 2.952991e-03 7.622969e-03
7.189741e+03 2.142028e-03 6.708518e-03
7.193665e+03 1.907123e-03 7.768310e-03
7.197518e+03 1.431734e-03 7.376786e-03
7.201367e+03 2.762787e-03 7.712315e-03
7.205219e+03 5.746460e-03 7.385109e-03
7.209072e+03 6.017677e-03 8.137288e-03
7.212921e+03 2.558620e-03 6.960005e-03
7.216773e+03 -6.431477e-04 7.351457e-03
7.220626e+03 3.159798e-04 6.311209e-03
7.224475e+03 2.452328e-03 7.046599e-03
7.228327e+03 6.235654e-04 7.253490e-03
7.232176e+03 7.857448e-04 7.214311e-03
7.236029e+03 5.475024e-03 7.865802e-03
7.239881e+03 5.771400e-03 7.538609e-03
7.243730e+03 3.861565e-03 6.744455e-03
7.247583e+03 4.406806e-03 8.740909e-03
7.251435e+03 5.707012e-03 7.507754e-03
7.255284e+03 5.047090e-03 6.881378e-03
7.259137e+03 6.716374e-03 7.997018e-03
7.262986e+03 4.216590e-03 8.366074e-03
7.266838e+03 1.467971e-03 6.324859e-03
7.270691e+03 4.191389e-03 7.507590e-03
7.274540e+03 5.511136e-03 7.915791e-03
7.278392e+03 6.872813e-03 7.373313e-03
7.282245e+03 6.819657e-03 6.774918e-03
7.286094e+03 4.549214e-03 7.490685e-03
7.289946e+03 1.811849e-03 7.647232e-03
7.293795e+03 3.179111e-03 8.130919e-03
7.297647e+03 1.940451e-03 8.055389e-03
7.301500e+03 4.714102e-03 7.870817e-03
7.305349e+03 8.155978e-03 8.606135e-03
7.309201e+03 5.231323e-03 7.842791e-03
7.313050e+03 1.546183e-03 7.510034e-03
7.316903e+03 2.728877e-03 7.543555e-03
7.320755e+03 2.424104e-03 7.817527e-03
7.324604e+03 -1.957169e-05 8.091499e-03
7.328457e+03 4.261020e-03 7.993606e-03
7.332306e+03 5.860276e-03 8.186491e-03
7.336158e+03 5.161270e-03 6.483741e-03
7.340011e+03 3.539621e-03 7.828547e-03
7.343860e+03 2.474369e-03 6.603909e-03
7.347712e+03 7.520934e-04 7.020470e-03
7.351561e+03 -1.414712e-03 6.603854e-03
7.355414e+03 -2.289811e-03 7.023206e-03
7.359263e+03 -5.032531e-05 7.931829e-03
7.363115e+03 -1.755787e-03 7.509625e-03
7.366968e+03 -1.887184e-03 7.576693e-03
7.370817e+03 3.139701e-03 6.223486e-03
7.374669e+03 3.234747e-03 7.450820e-03
7.378518e+03 5.871165e-03 7.590579e-03
7.382371e+03 6.103190e-03 7.556996e-03
7.386219e+03 2.524580e-03 6.592425e-03
7.390072e+03 5.228068e-03 6.645518e-03
7.393924e+03 9.841028e-03 6.827213e-03
7.397773e+03 8.594089e-03 8.020964e-03
7.401626e+03 4.576600e-03 7.414260e-03
7.405475e+03 4.691206e-03 7.481325e-03
7.409327e+03 5.876564e-03 7.556779e-03
7.413176e+03 5.837400e-03 6.888579e-03
7.417029e+03 7.397363e-03 7.087043e-03
7.420878e+03 9.717737e-03 6.975190e-03
7.424730e+03 8.728035e-03 7.397305e-03
7.428579e+03 4.621200e-03 7.741138e-03
7.432432e+03 2.692194e-03 7.643260e-03
7.436284e+03 6.153163e-03 6.941527e-03
7.440133e+03 6.505383e-03 7.352455e-03
7.443986e+03 4.623921e-03 7.844448e-03
7.447835e+03 6.304050e-03 7.285301e-03
7.451687e+03 9.068849e-03 6.871526e-03
7.455612e+03 6.776447e-03 7.274059e-03
7.459460e+03 6.619869e-03 6.877061e-03
7.463313e+03 9.641824e-03 7.575920e-03
7.467162e+03 7.441704e-03 7.992422e-03
7.471014e+03 8.995983e-03 7.754771e-03
7.474863e+03 1.133020e-02 7.743559e-03
7.478716e+03 8.766680e-03 7.693208e-03
7.482565e+03 4.123343e-03 6.983124e-03
7.486417e+03 3.432844e-03 7.226304e-03
7.490266e+03 5.361700e-03 8.330484e-03
7.494119e+03 5.588111e-03 8.467427e-03
7.497968e+03 2.664056e-03 7.656715e-03
7.501820e+03 1.515124e-03 6.477014e-03
7.505669e+03 2.731125e-03 7.793630e-03
7.509522e+03 2.929589e-03 6.946592e-03
7.513371e+03 1.730351e-03 8.087087e-03
7.517223e+03 1.780661e-03 7.955671e-03
7.521072e+03 5.372711e-03 8.852954e-03
7.524924e+03 5.163038e-03 6.882187e-03
7.528773e+03 4.383115e-03 7.580999e-03
7.532626e+03 4.774447e-03 6.633350e-03
7.536475e+03 1.889644e-03 7.332155e-03
7.540327e+03 -5.898129e-04 7.457917e-03
7.544176e+03 2.132822e-03 7.706672e-03
7.548029e+03 3.538848e-03 7.167149e-03
7.551878e+03 1.120911e-03 8.307596e-03
7.555730e+03 1.668781e-03 7.505322e-03
7.559579e+03 4.215261e-03 8.483634e-03
7.563432e+03 5.132091e-03 7.860261e-03
7.567281e+03 3.474491e-03 7.709288e-03
7.571133e+03 2.647087e-03 7.228475e-03
7.574982e+03 3.533163e-03 7.848988e-03
7.578831e+03 5.422712e-04 7.913248e-03
7.582683e+03 -6.317158e-04 7.558228e-03
7.586532e+03 4.475102e-03 6.932075e-03
7.590385e+03 3.136193e-03 7.001928e-03
7.594234e+03 4.248657e-04 7.348502e-03
7.598086e+03 2.540800e-03 7.848807e-03
7.601935e+03 2.627440e-03 7.700636e-03
7.605788e+03 1.663107e-03 7.708990e-03
7.609637e+03 2.624625e-03 7.384728e-03
7.613489e+03 8.385350e-06 7.871050e-03
7.617338e+03 -6.149235e-04 7.566354e-03
7.621187e+03 2.750374e-03 8.717905e-03
7.625040e+03 3.647585e-03 8.075002e-03
7.628888e+03 2.540723e-03 9.408221e-03
7.632741e+03 1.442253e-03 8.647929e-03
7.636590e+03 -1.098456e-03 7.404096e-03
7.640442e+03 -3.493804e-03 6.283256e-03
7.644291e+03 -6.568325e-04 8.329197e-03
7.648140e+03 3.552473e-03 8.304010e-03
7.651993e+03 2.800603e-03 8.270439e-03
7.655842e+03 9.894304e-04 9.153628e-03
7.659694e+03 3.857086e-04 8.429691e-03
7.663543e+03 7.742094e-04 7.560421e-03
7.667396e+03 3.527253e-03 6.772213e-03
7.671245e+03 3.588727e-03 6.439586e-03
7.675094e+03 2.909542e-03 7.968400e-03
7.678946e+03 1.503677e-03 7.638567e-03
7.682795e+03 -1.654598e-03 7.663693e-03
7.686647e+03 5.869328e-05 7.029219e-03
7.690496e+03 1.106784e-03 7.174529e-03
7.694345e+03 -5.729541e-04 7.364554e-03
7.698198e+03 -1.953626e-03 8.038095e-03
7.702047e+03 -1.031310e-03 8.099552e-03
7.705899e+03 3.300738e-03 7.244294e-03
7.709748e+03 4.983228e-03 7.968136e-03
7.713597e+03 4.454983e-03 7.998850e-03
7.717450e+03 3.345419e-03 7.618723e-03
7.721299e+03 1.643358e-03 7.546029e-03
7.725151e+03 2.344850e-03 6.763454e-03
7.729000e+03 2.451044e-03 6.961859e-03
7.732849e+03 5.142422e-04 6.657202e-03
7.736701e+03 -1.492415e-03 7.174213e-03
7.740550e+03 3.831635e-03 7.439691e-03
7.744399e+03 6.992501e-03 8.834251e-03
7.748252e+03 2.912133e-03 7.389332e-03
7.752101e+03 2.833871e-03 7.878384e-03
7.755953e+03 4.628080e-03 8.076781e-03
7.759802e+03 3.915408e-03 7.464709e-03
7.763651e+03 2.104420e-03 7.297000e-03
7.767504e+03 2.333578e-03 7.459065e-03
7.771353e+03 9.306331e-04 7.126472e-03
7.775201e+03 -3.585580e-03 8.152094e-03
7.779054e+03 -6.005754e-03 8.683052e-03
7.782903e+03 -2.093204e-03 7.799907e-03
7.786752e+03 1.551033e-03 7.274484e-03
7.790604e+03 2.238510e-03 7.070449e-03
7.794453e+03 3.244571e-03 7.830565e-03
7.798302e+03 2.912000e-03 8.557140e-03
7.802155e+03 2.987444e-03 9.736436e-03
7.806004e+03 3.613425e-03 7.796946e-03
7.809856e+03 7.808097e-03 8.171396e-03
7.813705e+03 7.576120e-03 7.151342e-03
7.817554e+03 2.777807e-03 7.643162e-03
7.821406e+03 3.616168e-03 7.573270e-03
7.825255e+03 6.041830e-03 7.673848e-03
7.829104e+03 6.924883e-03 7.475409e-03
7.833029e+03 6.245787e-03 8.196371e-03
7.836878e+03 4.046473e-03 8.009111e-03
7.840730e+03 1.699066e-03 7.335605e-03
7.844579e+03 2.428426e-03 6.720786e-03
7.848428e+03 4.133059e-03 7.248922e-03
7.852281e+03 5.759437e-03 7.125941e-03
7.856129e+03 5.946648e-03 7.802178e-03
7.859978e+03 3.096269e-03 7.248847e-03
7.863827e+03 -1.064688e-03 7.567391e-03
7.867680e+03 2.179669e-04 6.765358e-03
7.871529e+03 1.830357e-03 6.745773e-03
7.875378e+03 1.117771e-05 7.821605e-03
7.879230e+03 -5.728557e-04 7.061495e-03
7.883079e+03 2.922953e-03 8.028337e-03
7.886928e+03 6.284604e-03 7.835497e-03
7.890781e+03 5.477003e-03 6.094563e-03
7.894629e+03 2.260653e-03 6.580766e-03
7.898478e+03 1.855462e-03 6.837824e-03
7.902327e+03 5.197510e-03 6.563955e-03
7.906180e+03 4.336833e-03 7.910810e-03
7.910029e+03 6.175495e-04 7.586639e-03
7.913878e+03 -5.309233e-04 7.105989e-03
7.917730e+03 2.506507e-03 6.941098e-03
7.921579e+03 4.074109e-03 6.200581e-03
7.925428e+03 2.690915e-03 6.820897e-03
7.929277e+03 2.361179e-03 6.899112e-03
7.933129e+03 2.081742e-03 6.312290e-03
7.936978e+03 2.439402e-03 5.652819e-03
7.940827e+03 3.638133e-03 5.457201e-03
7.944676e+03 1.684937e-03 6.865488e-03
7.948529e+03 4.889931e-04 6.734136e-03
7.952378e+03 2.553933e-03 6.429540e-03
7.956227e+03 3.182625e-03 6.038327e-03
7.960076e+03 3.679986e-03 6.208755e-03
7.963928e+03 5.286645e-03 5.932106e-03
7.967777e+03 8.019355e-03 7.049766e-03
7.971626e+03 6.345609e-03 7.072098e-03
7.975475e+03 5.973959e-03 5.803514e-03
7.979327e+03 6.183504e-03 5.755996e-03
7.983176e+03 2.945049e-03 5.783918e-03
7.987025e+03 5.417864e-03 6.770234e-03
7.990874e+03 8.239931e-03 6.387414e-03
7.994723e+03 5.725182e-03 6.610923e-03
7.998576e+03 3.196480e-03 7.074727e-03
8.002424e+03 1.651323e-03 6.412498e-03
8.006273e+03 4.777922e-04 6.677916e-03
8.010122e+03 -1.117639e-05 6.641570e-03
8.013975e+03 -2.794089e-06 7.161249e-03
8.017824e+03 6.957259e-04 6.529764e-03
8.021673e+03 2.277167e-03 6.635916e-03
8.025522e+03 1.860845e-03 6.825892e-03
8.029371e+03 3.422714e-03 7.049393e-03
8.033223e+03 3.967541e-03 6.085426e-03
8.037072e+03 2.254785e-03 5.990408e-03
8.040921e+03 5.154976e-03 5.853482e-03
8.044770e+03 4.311166e-03 6.571525e-03
8.048619e+03 3.350014e-03 6.725173e-03
8.052471e+03 1.765806e-03 6.540748e-03
8.056320e+03 3.981433e-03 6.688808e-03
8.060169e+03 7.085531e-03 7.501833e-03
8.064018e+03 5.576763e-03 5.370009e-03
8.067867e+03 3.481274e-03 5.423079e-03
8.071716e+03 3.358329e-03 6.797684e-03
8.075568e+03 3.777411e-03 6.322693e-03
8.079417e+03 1.173452e-03 6.255617e-03
8.083266e+03 -1.790906e-03 6.590868e-03
8.087115e+03 1.304759e-03 6.303075e-03
8.090964e+03 3.481208e-03 7.157988e-03
8.094813e+03 6.900927e-04 7.867617e-03
8.098665e+03 6.677393e-04 6.646663e-03
8.102514e+03 2.173639e-03 7.317171e-03
8.106363e+03 3.000618e-03 6.789108e-03
8.110212e+03 1.019760e-03 6.110176e-03
8.114061e+03 9.471163e-04 6.180004e-03
8.117910e+03 2.447408e-03 6.992993e-03
8.121763e+03 4.014743e-03 6.143644e-03
8.125612e+03 4.565113e-03 6.875607e-03
8.129460e+03 4.472903e-03 6.842061e-03
8.133309e+03 3.140241e-03 6.445316e-03
8.137158e+03 6.473236e-03 6.889510e-03
8.141007e+03 7.928780e-03 6.462038e-03
8.144856e+03 5.693729e-03 7.258246e-03
8.148705e+03 2.151206e-03 7.045896e-03
8.152558e+03 1.380120e-03 6.777673e-03
8.156406e+03 3.321775e-03 7.459329e-03
8.160327e+03 3.768765e-03 7.151992e-03
8.164180e+03 3.735227e-03 6.975965e-03
8.168029e+03 2.955766e-03 6.551295e-03
8.171878e+03 2.201452e-03 7.450853e-03
8.175727e+03 5.056620e-04 7.470385e-03
8.179576e+03 1.000146e-03 7.188199e-03
8.183424e+03 3.637391e-03 6.238320e-03
8.187273e+03 5.785725e-03 5.606926e-03
8.191122e+03 4.665440e-03 7.380894e-03
8.194971e+03 1.486232e-03 7.484238e-03
8.198820e+03 1.986292e-03 6.964595e-03
8.202673e+03 2.494731e-03 6.456127e-03
8.206522e+03 2.450025e-03 6.738267e-03
8.210371e+03 8.967566e-04 6.567833e-03
8.214219e+03 -1.396813e-05 6.626480e-03
8.218068e+03 1.606330e-03 6.863917e-03
8.221917e+03 1.919209e-03 6.813610e-03
8.225766e+03 -2.793600e-04 6.710225e-03
8.229615e+03 -2.933270e-04 7.383460e-03
8.233464e+03 2.360577e-03 7.115254e-03
8.237313e+03 2.871793e-03 6.712958e-03
8.241162e+03 2.625952e-04 7.009056e-03
8.245011e+03 -3.100848e-04 6.707331e-03
8.248860e+03 2.354961e-03 5.218349e-03
8.252712e+03 3.570143e-03 7.042513e-03
8.256561e+03 5.849654e-03 6.983827e-03
8.260410e+03 4.843969e-03 7.749233e-03
8.264259e+03 2.419184e-03 7.609533e-03
8.268108e+03 -0.000000e+00 7.372062e-03
8.271957e+03 -1.438651e-03 6.922286e-03
8.275806e+03 -1.117396e-04 6.229480e-03
8.279655e+03 2.586763e-03 7.827332e-03
8.283504e+03 2.930354e-03 6.793725e-03
8.287353e+03 5.198636e-03 6.078578e-03
8.291201e+03 9.458639e-03 5.885810e-03
8.295050e+03 1.070449e-02 6.776903e-03
8.298899e+03 9.701613e-03 8.961352e-03
8.302748e+03 6.701440e-03 7.195877e-03
8.306597e+03 2.737553e-03 7.137194e-03
8.310446e+03 2.338087e-03 7.665127e-03
8.314295e+03 2.955424e-03 7.896957e-03
8.318144e+03 1.955378e-03 6.656666e-03
8.321993e+03 1.391108e-03 6.933189e-03
8.325842e+03 1.061485e-04 6.410808e-03
8.329691e+03 1.555908e-03 6.913596e-03
8.333540e+03 3.156501e-04 7.438727e-03
8.337388e+03 1.983282e-04 7.681727e-03
8.341237e+03 1.762602e-03 7.142587e-03
8.345086e+03 1.972097e-03 7.000107e-03
8.348935e+03 3.022383e-03 7.287801e-03
8.352784e+03 3.363161e-03 5.614577e-03
8.356633e+03 3.935779e-03 7.296138e-03
8.360482e+03 -1.022350e-03 6.312871e-03
8.364331e+03 -1.547487e-03 6.837994e-03
8.368180e+03 3.960886e-03 6.932945e-03
8.372029e+03 5.611702e-03 6.958065e-03
8.375878e+03 2.410595e-03 6.865866e-03
8.379727e+03 9.301571e-04 7.365841e-03
8.383576e+03 1.812824e-03 8.399322e-03
8.387424e+03 1.505561e-03 7.279208e-03
8.391273e+03 -1.173161e-03 6.807127e-03
8.395122e+03 -2.634018e-03 6.874145e-03
8.398971e+03 -3.019475e-03 7.678574e-03
8.402820e+03 -3.293202e-03 8.913153e-03
8.406669e+03 8.994131e-04 7.661769e-03
8.410518e+03 9.999657e-04 8.259494e-03
8.414363e+03 1.949648e-03 6.111505e-03
8.418212e+03 2.793183e-03 6.904750e-03
8.422061e+03 1.307206e-03 6.002534e-03
8.425910e+03 -3.016622e-04 5.756718e-03
8.429759e+03 -1.078160e-03 6.781793e-03
8.433608e+03 -2.997051e-03 8.088969e-03
8.437457e+03 -5.410319e-03 8.231394e-03
8.441306e+03 -2.849000e-04 5.577892e-03
8.445155e+03 1.424495e-03 7.074992e-03
8.449004e+03 -2.524980e-03 7.058214e-03
8.452853e+03 -1.273659e-03 8.267612e-03
8.456701e+03 -4.524828e-04 8.167037e-03
8.460550e+03 5.418606e-04 8.239634e-03
8.464396e+03 -4.189632e-05 8.828952e-03
8.468245e+03 1.857398e-03 6.929631e-03
8.472094e+03 3.195274e-03 6.887717e-03
8.475942e+03 5.387821e-03 6.775975e-03
8.479791e+03 6.192205e-03 6.412857e-03
8.483640e+03 2.485813e-03 7.331752e-03
8.487489e+03 2.698077e-03 8.097025e-03
8.491338e+03 4.474438e-03 6.602728e-03
8.495187e+03 2.209283e-03 7.004905e-03
8.499036e+03 2.555611e-03 6.974164e-03
8.502881e+03 2.832111e-03 6.926662e-03
8.506730e+03 3.630902e-05 7.582998e-03
8.510579e+03 1.762379e-03 7.203130e-03
8.514428e+03 4.295612e-03 7.317622e-03
8.518277e+03 2.519266e-03 7.708618e-03
8.522126e+03 4.133596e-04 7.066215e-03
8.525975e+03 4.077726e-04 7.568928e-03
8.529820e+03 6.035575e-03 6.549477e-03
8.533669e+03 1.054058e-02 6.675141e-03
8.537518e+03 5.253519e-03 7.032622e-03
8.541367e+03 1.100415e-03 6.451671e-03
8.545216e+03 1.513764e-03 5.954513e-03
8.549065e+03 7.177793e-04 6.901294e-03
8.552914e+03 -1.795840e-03 6.669465e-03
8.556759e+03 -2.223149e-03 6.920807e-03
8.560608e+03 3.211826e-04 6.563296e-03
8.564457e+03 1.809789e-03 6.811845e-03
8.568306e+03 1.368510e-04 5.865041e-03
8.572155e+03 -3.463157e-04 6.926317e-03
8.576004e+03 1.186966e-03 7.174863e-03
8.579849e+03 1.591927e-03 6.982137e-03
8.583698e+03 1.142274e-03 7.845107e-03
8.587547e+03 9.970434e-04 7.356339e-03
8.591396e+03 6.200087e-04 7.010006e-03
8.595245e+03 2.924087e-03 6.783770e-03
8.599090e+03 4.250667e-03 6.445819e-03
8.602939e+03 3.298306e-03 7.023915e-03
8.606788e+03 3.278749e-03 7.132813e-03
8.610637e+03 2.748109e-03 7.124417e-03
8.614486e+03 5.113590e-03 7.048990e-03
8.618331e+03 6.856270e-03 6.828342e-03
8.622180e+03 4.013211e-03 6.713820e-03
8.626029e+03 3.485369e-03 6.630019e-03
8.629878e+03 5.219661e-03 7.300263e-03
8.633727e+03 4.317587e-03 6.490346e-03
8.637572e+03 2.926792e-03 6.241776e-03
8.641421e+03 2.376616e-03 7.691187e-03
8.645270e+03 2.418500e-03 6.518222e-03
8.649119e+03 3.119466e-03 6.275238e-03
8.652964e+03 3.784122e-03 6.850518e-03
8.656813e+03 3.510428e-03 7.420212e-03
8.660662e+03 3.856713e-03 6.532116e-03
8.664511e+03 2.921152e-03 6.571194e-03
8.668432e+03 1.061219e-04 6.166237e-03
8.672281e+03 7.428510e-04 6.099198e-03
8.676129e+03 9.327503e-04 6.788971e-03
8.679975e+03 1.954861e-03 7.040292e-03
8.683824e+03 3.225512e-03 6.529216e-03
8.687673e+03 2.005118e-03 6.853148e-03
8.691522e+03 -2.708857e-04 6.917360e-03
8.695367e+03 2.669753e-03 7.467489e-03
8.699216e+03 5.576863e-03 6.040440e-03
8.703065e+03 5.026704e-03 5.920341e-03
8.706914e+03 5.093713e-03 5.638274e-03
8.710759e+03 4.409514e-03 5.716450e-03
8.714608e+03 5.699681e-03 6.143703e-03
8.718457e+03 6.065493e-03 7.637719e-03
8.722306e+03 4.912143e-03 6.487158e-03
8.726151e+03 4.951227e-03 5.839265e-03
8.730000e+03 3.906795e-03 5.244434e-03
8.733849e+03 3.635906e-03 6.020749e-03
8.737694e+03 2.038560e-03 5.375655e-03
8.741543e+03 -1.787226e-04 5.403567e-03
8.745392e+03 3.451570e-03 6.043042e-03
8.749237e+03 6.724403e-03 6.587569e-03
8.753086e+03 5.205255e-03 6.188222e-03
8.756935e+03 3.219765e-03 6.171450e-03
8.760781e+03 3.219757e-03 6.944960e-03
8.764629e+03 1.946371e-03 6.997999e-03
8.768478e+03 -6.897450e-04 7.252097e-03
8.772327e+03 -3.909475e-05 6.419918e-03
8.776173e+03 3.395650e-03 6.634923e-03
8.780022e+03 2.571863e-03 6.188110e-03
8.783871e+03 8.489083e-04 6.417077e-03
8.787716e+03 2.529963e-03 5.953512e-03
8.791565e+03 3.976445e-03 6.319307e-03
8.795410e+03 5.621182e-03 5.838992e-03
8.799259e+03 4.735966e-03 6.098672e-03
8.803108e+03 3.976415e-03 6.439333e-03
8.806953e+03 2.739363e-03 5.861285e-03
8.810802e+03 -7.818753e-05 6.559374e-03
8.814651e+03 9.829263e-04 6.550981e-03
8.818496e+03 5.584795e-04 5.981315e-03
8.822345e+03 1.493929e-03 6.481136e-03
8.826194e+03 4.869915e-03 6.587232e-03
8.830040e+03 5.177063e-03 5.380907e-03
8.833888e+03 6.503426e-03 6.587199e-03
8.837734e+03 6.048254e-03 5.975654e-03
8.841583e+03 3.674737e-03 5.380868e-03
8.845432e+03 6.436362e-03 5.849968e-03
8.849277e+03 7.790630e-03 6.813310e-03
8.853126e+03 5.378035e-03 6.271580e-03
8.856975e+03 4.093550e-03 6.916593e-03
8.860820e+03 3.537870e-03 6.843974e-03
8.864669e+03 4.559845e-03 5.813594e-03
8.868514e+03 6.078848e-03 5.950404e-03
8.872363e+03 5.296990e-03 5.637651e-03
8.876212e+03 5.807965e-03 5.964334e-03
8.880058e+03 7.751382e-03 6.866227e-03
8.883906e+03 7.058876e-03 6.056450e-03
8.887752e+03 5.648763e-03 5.394668e-03
8.891601e+03 4.841784e-03 5.400239e-03
8.895446e+03 7.030901e-03 6.505959e-03
8.899295e+03 9.599754e-03 5.936323e-03
8.903144e+03 8.013736e-03 6.558979e-03
8.906989e+03 6.692989e-03 5.768759e-03
8.910838e+03 8.231491e-03 6.966611e-03
8.914683e+03 9.353944e-03 5.978148e-03
8.918532e+03 8.789893e-03 6.631512e-03
8.922378e+03 7.466366e-03 7.712079e-03
8.926227e+03 4.378172e-03 6.983296e-03
8.930072e+03 4.199460e-03 7.081005e-03
8.933921e+03 4.743925e-03 7.304364e-03
8.937770e+03 5.617868e-03 7.857197e-03
8.941615e+03 6.690048e-03 7.516531e-03
8.945464e+03 4.699217e-03 6.368933e-03
8.949309e+03 2.990404e-03 5.955677e-03
8.953158e+03 1.968468e-03 6.391239e-03
8.957004e+03 3.995561e-03 6.162268e-03
8.960853e+03 4.165872e-03 6.156669e-03
8.964698e+03 4.188201e-03 6.056135e-03
8.968547e+03 6.703895e-03 6.486110e-03
8.972392e+03 4.593035e-03 6.977505e-03
8.976241e+03 3.576695e-03 6.181736e-03
8.980086e+03 3.948036e-03 6.025364e-03
8.983935e+03 3.255588e-03 6.125866e-03
8.987781e+03 2.585478e-03 6.067217e-03
8.991629e+03 3.816782e-03 6.751263e-03
8.995475e+03 5.799147e-03 7.010910e-03
8.999324e+03 7.524634e-03 6.360340e-03
9.003169e+03 8.138870e-03 5.941516e-03
9.007018e+03 8.518571e-03 7.840100e-03
9.010863e+03 7.672558e-03 7.410107e-03
9.014712e+03 5.268589e-03 7.848440e-03
9.018558e+03 9.035036e-03 6.712060e-03
9.022406e+03 9.540373e-03 5.444463e-03
9.026252e+03 8.043824e-03 6.307186e-03
9.030101e+03 2.075028e-02 5.318796e-03
9.033946e+03 1.717925e-02 4.941861e-03
9.037791e+03 4.855298e-03 5.260138e-03
9.041640e+03 5.516988e-03 6.781766e-03
9.045486e+03 4.715675e-03 6.418789e-03
9.049335e+03 3.082353e-03 6.268008e-03
9.053180e+03 2.191703e-03 5.145616e-03
9.057029e+03 5.179109e-03 5.198653e-03
9.060874e+03 3.369902e-03 5.237726e-03
9.064723e+03 1.881780e-03 5.715141e-03
9.068568e+03 1.384808e-03 6.281894e-03
9.072414e+03 1.080483e-03 6.630870e-03
9.076263e+03 1.504855e-03 5.888198e-03
9.080108e+03 2.909195e-03 6.410277e-03
9.083957e+03 5.304660e-03 6.156196e-03
9.087802e+03 4.908193e-03 6.404664e-03
9.091651e+03 2.554600e-03 6.050075e-03
9.095496e+03 3.383791e-03 5.533559e-03
9.099342e+03 5.123137e-03 6.097510e-03
9.103191e+03 2.814227e-03 6.089120e-03
9.107036e+03 2.356352e-03 6.560933e-03
9.110885e+03 4.271576e-03 7.085792e-03
9.114730e+03 3.662939e-03 6.130954e-03
9.118576e+03 1.943140e-03 6.482715e-03
9.122424e+03 1.730954e-04 6.862394e-03
9.126270e+03 2.540587e-04 6.613904e-03
9.130115e+03 2.794639e-03 6.912615e-03
9.133964e+03 1.694648e-03 6.974019e-03
9.137809e+03 -9.017625e-04 6.343048e-03
9.141658e+03 8.794260e-04 5.728832e-03
9.145504e+03 3.386479e-03 5.927038e-03
9.149349e+03 1.192105e-03 6.097324e-03
9.153198e+03 -9.575905e-04 5.820922e-03
9.157119e+03 -8.542915e-04 6.033084e-03
9.160964e+03 7.063243e-04 5.885107e-03
9.164813e+03 4.623204e-03 5.904634e-03
9.168658e+03 7.054837e-03 5.379767e-03
9.172504e+03 7.649467e-03 5.452339e-03
9.176353e+03 5.410450e-03 7.121807e-03
9.180198e+03 6.390347e-03 6.010669e-03
9.184043e+03 7.350698e-03 6.326124e-03
9.187892e+03 5.156363e-03 6.105561e-03
9.191737e+03 4.352329e-03 6.055296e-03
9.195583e+03 4.826917e-03 5.522059e-03
9.199432e+03 5.424336e-03 5.706300e-03
9.203277e+03 5.111650e-03 5.664411e-03
9.207122e+03 3.101602e-03 6.705710e-03
9.210971e+03 4.575619e-03 6.482357e-03
9.214817e+03 7.889365e-03 5.940752e-03
9.218662e+03 3.202082e-03 6.538162e-03
9.222507e+03 -2.855902e-03 6.197562e-03
9.226356e+03 -1.652679e-03 5.170205e-03
9.230201e+03 1.312091e-04 6.110990e-03
9.234047e+03 8.626276e-04 6.057937e-03
9.237896e+03 3.863669e-03 6.300798e-03
9.241741e+03 5.711744e-03 5.851325e-03
9.245586e+03 3.179697e-03 6.284020e-03
9.249432e+03 3.026150e-03 6.945627e-03
9.253281e+03 7.210817e-03 7.515107e-03
9.257126e+03 7.702129e-03 6.778096e-03
9.260971e+03 8.171107e-03 6.052257e-03
9.264820e+03 8.453043e-03 4.823928e-03
9.268665e+03 4.983042e-03 5.033290e-03
9.272511e+03 2.786030e-03 5.787015e-03
9.276356e+03 4.874146e-03 6.649607e-03
9.280205e+03 6.242020e-03 7.509405e-03
9.284050e+03 5.974012e-03 7.660134e-03
9.287896e+03 7.855529e-03 8.399890e-03
9.291741e+03 7.573562e-03 7.863886e-03
9.295590e+03 5.566402e-03 7.928076e-03
9.299435e+03 5.024825e-03 6.462483e-03
9.303281e+03 3.589950e-03 5.895782e-03
9.307126e+03 1.164079e-03 6.392666e-03
9.310971e+03 1.113829e-03 6.870008e-03
9.314820e+03 1.479519e-04 6.024154e-03
9.318665e+03 -1.644217e-03 5.276009e-03
9.322511e+03 2.085275e-03 5.817553e-03
9.326356e+03 2.389547e-03 5.884537e-03
9.330201e+03 2.699400e-03 6.853184e-03
9.334050e+03 6.816880e-03 6.169248e-03
9.337896e+03 6.975979e-03 6.579584e-03
9.341741e+03 5.622086e-03 5.281522e-03
9.345586e+03 3.179514e-03 6.065921e-03
9.349432e+03 2.939439e-03 5.197755e-03
9.353281e+03 3.531228e-03 6.283631e-03
9.357126e+03 3.249281e-03 6.085423e-03
9.360971e+03 3.494924e-03 5.412663e-03
9.364817e+03 3.994588e-03 5.842537e-03
9.368662e+03 4.820851e-03 6.945152e-03
9.372511e+03 4.452370e-03 5.839721e-03
9.376356e+03 3.480935e-03 5.415409e-03
9.380201e+03 3.681913e-03 5.541013e-03
9.384047e+03 3.609327e-03 6.342142e-03
9.387892e+03 6.621271e-03 7.039986e-03
9.391737e+03 6.356072e-03 6.771994e-03
9.395583e+03 3.372032e-03 6.604493e-03
9.399432e+03 4.480215e-03 6.431413e-03
9.403277e+03 4.868211e-03 6.417441e-03
9.407122e+03 3.634402e-03 6.065713e-03
9.410968e+03 3.422250e-03 5.038466e-03
9.414813e+03 3.215679e-03 5.591150e-03
9.418658e+03 2.866750e-03 6.288983e-03
9.422504e+03 3.369190e-03 6.135443e-03
9.426349e+03 4.762076e-03 6.305704e-03
9.430198e+03 5.691591e-03 6.900252e-03
9.434043e+03 4.611322e-03 5.320328e-03
9.437888e+03 2.431268e-03 5.800431e-03
9.441734e+03 2.400558e-03 5.163992e-03
9.445579e+03 2.782966e-03 5.909268e-03
9.449424e+03 2.034883e-03 6.009743e-03
9.453270e+03 4.480081e-03 5.130462e-03
9.457115e+03 4.357255e-03 6.372588e-03
9.460960e+03 4.248385e-03 6.149271e-03
9.464806e+03 4.692192e-03 6.358605e-03
9.468651e+03 3.642653e-03 6.634931e-03
9.472500e+03 3.726384e-03 6.207848e-03
9.476345e+03 2.046018e-03 6.805173e-03
9.480191e+03 1.680355e-03 7.084288e-03
9.484036e+03 2.300016e-03 6.299922e-03
9.487881e+03 2.006927e-03 6.846998e-03
9.491727e+03 4.538606e-03 7.137277e-03
9.495572e+03 4.558135e-03 6.523184e-03
9.499417e+03 2.327909e-03 6.034699e-03
9.503263e+03 1.750115e-03 7.190267e-03
9.507108e+03 3.757017e-03 6.827388e-03
9.510953e+03 4.842802e-03 5.688550e-03
9.514799e+03 1.772434e-03 6.657096e-03
9.518644e+03 3.162461e-03 6.651500e-03
9.522489e+03 4.463165e-03 6.592870e-03
9.526335e+03 2.283216e-03 6.165801e-03
9.530180e+03 3.784884e-03 7.042227e-03
9.534025e+03 5.130237e-03 6.095995e-03
9.537871e+03 5.456795e-03 6.511869e-03
9.541716e+03 3.042401e-03 6.838427e-03
9.545561e+03 1.459792e-03 6.899818e-03
9.549406e+03 6.966794e-03 6.422512e-03
9.553252e+03 9.171809e-03 7.089589e-03
9.557097e+03 5.543267e-03 6.313630e-03
9.560942e+03 5.015726e-03 6.268958e-03
9.564788e+03 5.412060e-03 6.455952e-03
9.568633e+03 7.979909e-03 7.022544e-03
9.572478e+03 7.695196e-03 6.835522e-03
9.576324e+03 5.942345e-03 6.637339e-03
9.580169e+03 3.581029e-03 6.506140e-03
9.584014e+03 -9.768962e-05 6.695925e-03
9.587860e+03 -4.354156e-04 6.542399e-03
9.591705e+03 2.500844e-03 6.517265e-03
9.595550e+03 4.549517e-03 6.201858e-03
9.599396e+03 2.690629e-03 5.995301e-03
9.603241e+03 2.830179e-03 6.369297e-03
9.607086e+03 4.228513e-03 5.850140e-03
9.610932e+03 4.323400e-03 6.173896e-03
9.614777e+03 3.949388e-03 6.215749e-03
9.618622e+03 4.982080e-03 6.009198e-03
9.622468e+03 4.281509e-03 6.494831e-03
9.626313e+03 4.250798e-03 7.259572e-03
9.630158e+03 4.253581e-03 5.791457e-03
9.634000e+03 1.934203e-03 5.568162e-03
9.637845e+03 3.187381e-03 6.193345e-03
9.641691e+03 4.923408e-03 5.774677e-03
9.645536e+03 3.365996e-03 5.704888e-03
9.649381e+03 1.286667e-03 6.782216e-03
9.653227e+03 -7.675333e-04 6.360757e-03
9.657072e+03 4.102807e-04 6.196075e-03
9.660917e+03 2.735199e-03 5.978362e-03
9.664763e+03 4.367936e-03 6.355138e-03
9.668608e+03 2.634711e-03 8.012983e-03
9.672450e+03 2.707272e-04 6.316038e-03
9.676295e+03 3.505491e-03 5.612695e-03
9.680140e+03 5.068440e-03 6.126225e-03
9.683986e+03 2.511887e-03 6.486252e-03
9.687831e+03 8.763678e-04 6.184813e-03
9.691676e+03 3.265441e-04 6.502970e-03
9.695522e+03 2.271849e-03 5.333541e-03
9.699367e+03 1.535030e-03 6.290831e-03
9.703209e+03 1.116383e-04 5.886130e-03
9.707054e+03 4.839513e-03 6.530829e-03
9.710899e+03 5.171626e-03 6.486163e-03
9.714745e+03 3.075617e-03 6.550339e-03
9.718590e+03 2.319268e-03 5.802358e-03
9.722435e+03 1.652231e-03 7.535512e-03
9.726277e+03 2.989081e-03 6.809857e-03
9.730122e+03 3.686805e-03 6.276779e-03
9.733968e+03 1.283821e-03 6.089776e-03
9.737813e+03 -2.084809e-03 7.859199e-03
9.741658e+03 -2.983477e-03 8.520628e-03
9.745504e+03 -1.671748e-03 7.739161e-03
9.749345e+03 1.029839e-03 7.150266e-03
9.753191e+03 3.346275e-03 6.932564e-03
9.757036e+03 2.464349e-03 7.345600e-03
9.760881e+03 2.352709e-03 6.508325e-03
9.764727e+03 2.796452e-03 6.449703e-03
9.768568e+03 4.532365e-03 5.305435e-03
9.772414e+03 6.904589e-03 6.678527e-03
9.776259e+03 3.494149e-03 6.879458e-03
9.780104e+03 -5.302614e-05 7.803215e-03
9.783950e+03 1.853120e-03 7.261777e-03
9.787791e+03 3.298770e-03 7.370606e-03
9.791637e+03 4.864422e-03 7.607812e-03
9.795482e+03 7.373366e-03 7.038468e-03
9.799327e+03 4.077393e-03 6.770534e-03
9.803169e+03 2.737792e-03 6.675633e-03
9.807014e+03 2.949889e-03 5.676510e-03
9.810860e+03 5.497889e-04 6.898873e-03
9.814705e+03 1.660527e-03 7.384458e-03
9.818547e+03 3.703385e-03 6.976988e-03
9.822392e+03 4.406659e-03 6.943486e-03
9.826237e+03 4.035476e-03 6.382524e-03
9.830083e+03 5.335971e-03 7.557430e-03
9.833924e+03 6.993679e-03 5.168515e-03
9.837770e+03 3.887541e-03 6.622494e-03
9.841615e+03 2.335869e-03 6.502478e-03
9.845457e+03 3.789849e-03 6.993640e-03
9.849302e+03 3.385184e-03 7.699688e-03
9.853147e+03 2.305158e-03 8.288520e-03
9.856993e+03 3.033536e-03 6.438244e-03
9.860835e+03 4.311688e-03 8.243837e-03
9.864680e+03 5.793559e-03 8.107078e-03
9.868525e+03 5.768433e-03 8.254971e-03
9.872367e+03 4.788878e-03 7.858671e-03
9.876212e+03 3.396301e-03 7.200047e-03
9.880058e+03 3.636296e-03 6.862358e-03
9.883899e+03 4.571176e-03 7.928396e-03
9.887745e+03 3.920934e-03 7.903265e-03
9.891590e+03 4.088368e-03 7.601854e-03
9.895432e+03 1.180462e-03 6.421377e-03
9.899277e+03 1.088367e-04 6.865085e-03
9.903122e+03 2.179521e-03 6.558098e-03
9.906964e+03 4.233454e-03 7.012964e-03
9.910809e+03 4.903206e-03 6.122728e-03
9.914655e+03 1.144172e-03 7.336656e-03
9.918496e+03 2.176714e-04 7.598963e-03
9.922342e+03 2.042758e-03 7.356164e-03
9.926187e+03 1.127422e-03 7.026853e-03
9.930029e+03 -5.190596e-04 6.267785e-03
9.933874e+03 -1.219509e-03 6.588697e-03
9.937719e+03 -6.027766e-04 7.610055e-03
9.941561e+03 -1.640889e-03 7.785851e-03
9.945406e+03 -3.047361e-03 8.235127e-03
9.949248e+03 -2.095754e-03 9.471354e-03
9.953094e+03 -2.358067e-03 7.596047e-03
9.956939e+03 -1.956215e-03 7.210928e-03
9.960781e+03 1.211121e-03 7.205335e-03
9.964626e+03 4.065900e-03 6.979282e-03
9.968468e+03 6.083491e-03 7.431346e-03
9.972313e+03 6.036039e-03 8.142931e-03
9.976158e+03 6.103001e-03 7.325275e-03
9.980000e+03 7.155039e-03 7.668505e-03
9.983845e+03 5.821131e-03 7.021076e-03
9.987687e+03 3.630527e-03 6.976416e-03
9.991532e+03 5.463918e-03 7.559629e-03
9.995374e+03 7.587521e-03 7.944712e-03
9.999219e+03 6.058284e-03 7.754941e-03
1.000306e+04 6.448952e-03 8.195832e-03
1.000691e+04 7.827465e-03 7.718637e-03
1.001075e+04 6.666590e-03 7.129819e-03
1.001459e+04 4.135567e-03 7.955801e-03
1.001844e+04 -5.246188e-04 7.007009e-03
1.002228e+04 -2.017546e-03 7.888800e-03
1.002613e+04 4.995023e-04 7.632059e-03
1.002997e+04 -1.082718e-03 7.534378e-03
1.003381e+04 -2.265890e-03 7.486926e-03
1.003765e+04 -4.604325e-03 8.234766e-03
1.004150e+04 -6.624634e-03 7.392023e-03
1.004534e+04 -2.885368e-03 7.266436e-03
1.004919e+04 1.537557e-03 7.115738e-03
1.005303e+04 3.580187e-03 5.374466e-03
1.005687e+04 4.877749e-03 6.884103e-03
1.006072e+04 5.257247e-03 6.953850e-03
1.006456e+04 3.591329e-03 7.196608e-03
1.006840e+04 2.681632e-03 7.581680e-03
1.007225e+04 3.705723e-03 7.260765e-03
1.007609e+04 2.762545e-03 7.352836e-03
1.007994e+04 1.972845e-03 7.043083e-03
1.008378e+04 3.192263e-03 7.051442e-03
1.008762e+04 4.185651e-03 7.157466e-03
1.009146e+04 4.517706e-03 6.828183e-03
1.009531e+04 5.586432e-03 6.939786e-03
1.009915e+04 5.692459e-03 6.783511e-03
1.010300e+04 3.457325e-03 6.724901e-03
1.010684e+04 1.911431e-03 7.045785e-03
1.011068e+04 9.654804e-04 7.458754e-03
1.011453e+04 3.206171e-03 7.151797e-03
1.011837e+04 4.500909e-03 7.726604e-03
1.012221e+04 4.286040e-03 6.945282e-03
1.012605e+04 5.145471e-03 6.828075e-03
1.012990e+04 5.633778e-03 7.573093e-03
1.013374e+04 6.367637e-03 7.796310e-03
1.013759e+04 5.731423e-03 7.645617e-03
1.014143e+04 4.046031e-03 7.040094e-03
1.014527e+04 2.904766e-03 7.511652e-03
1.014912e+04 2.728968e-03 7.386074e-03
1.015296e+04 3.806040e-03 6.942394e-03
1.015680e+04 2.187631e-03 7.023303e-03
1.016064e+04 1.607237e-03 7.126533e-03
1.016449e+04 4.511973e-03 7.838057e-03
1.016833e+04 5.597405e-03 7.556218e-03
1.017217e+04 6.275444e-03 8.024982e-03
1.017602e+04 6.836290e-03 7.857548e-03
1.017986e+04 5.619698e-03 7.305050e-03
1.018370e+04 6.060558e-03 7.849149e-03
1.018755e+04 6.261450e-03 7.547781e-03
1.019139e+04 5.360171e-03 7.466849e-03
1.019523e+04 5.962866e-03 7.525432e-03
1.019908e+04 6.878073e-03 7.394277e-03
1.020292e+04 6.785980e-03 7.581213e-03
1.020676e+04 5.742404e-03 7.804422e-03
1.021060e+04 4.483979e-03 7.600720e-03
1.021445e+04 3.203236e-03 7.134731e-03
1.021829e+04 4.536977e-03 6.707806e-03
1.022213e+04 6.191597e-03 6.492946e-03
1.022597e+04 3.605015e-03 6.852878e-03
1.022982e+04 6.082754e-04 6.319927e-03
1.023366e+04 7.338358e-04 7.486240e-03
1.023750e+04 2.603298e-03 6.121796e-03
1.024135e+04 2.449831e-03 5.800909e-03
1.024519e+04 3.094371e-03 6.632391e-03
1.024903e+04 4.458789e-03 7.402481e-03
1.025287e+04 5.652997e-03 6.492857e-03
1.025672e+04 5.139586e-03 6.919748e-03
1.026056e+04 3.858868e-03 6.813708e-03
1.026440e+04 3.331513e-03 6.286347e-03
1.026825e+04 3.356619e-03 6.805315e-03
1.027209e+04 4.255057e-03 6.238893e-03
1.027593e+04 6.618349e-03 5.887317e-03
1.027977e+04 7.327046e-03 5.940321e-03
1.028362e+04 5.000016e-03 6.481606e-03
1.028746e+04 2.837616e-03 6.757824e-03
1.029130e+04 2.193080e-03 6.632254e-03
1.029514e+04 2.706468e-03 6.847087e-03
1.029899e+04 1.958699e-03 6.869397e-03
1.030283e+04 6.026754e-04 7.262797e-03
1.030667e+04 6.194154e-04 7.321380e-03
1.031051e+04 1.210927e-03 7.338107e-03
1.031436e+04 2.162367e-03 7.580838e-03
1.031820e+04 5.376612e-03 7.006056e-03
1.032204e+04 4.218692e-03 6.453595e-03
1.032588e+04 4.799033e-04 7.541737e-03
1.032973e+04 3.122157e-03 8.666150e-03
1.033357e+04 2.946375e-03 8.029986e-03
1.033741e+04 1.785678e-03 6.950195e-03
1.034126e+04 4.157276e-03 7.307319e-03
1.034510e+04 4.112626e-03 6.135457e-03
1.034894e+04 6.640458e-04 7.039444e-03
1.035278e+04 1.916801e-03 7.181727e-03
1.035663e+04 6.938977e-03 6.640436e-03
1.036047e+04 8.297741e-03 7.854114e-03
1.036431e+04 5.178406e-03 7.577882e-03
1.036815e+04 4.229770e-03 6.740847e-03
1.037207e+04 4.695706e-03 6.799427e-03
1.037591e+04 3.643838e-03 5.772667e-03
1.037976e+04 3.961900e-03 5.917742e-03
1.038360e+04 2.670094e-03 6.481325e-03
1.038744e+04 2.603128e-03 6.433882e-03
1.039128e+04 4.692876e-03 6.604065e-03
1.039513e+04 6.690545e-03 7.555462e-03
1.039897e+04 5.861891e-03 7.547080e-03
1.040281e+04 2.633801e-03 7.686569e-03
1.040665e+04 1.601482e-03 7.432664e-03
1.041050e+04 5.758631e-03 7.281990e-03
1.041434e+04 7.664213e-03 7.304297e-03
1.041818e+04 5.130857e-03 6.712799e-03
1.042202e+04 2.739800e-03 6.763009e-03
1.042586e+04 2.170632e-03 7.058740e-03
1.042971e+04 3.183403e-03 7.357259e-03
1.043355e+04 3.604690e-03 6.509086e-03
1.043739e+04 5.669285e-03 7.468837e-03
1.044123e+04 4.062236e-03 7.181454e-03
1.044508e+04 4.564429e-03 8.135620e-03
1.044892e+04 5.895246e-03 8.068647e-03
1.045276e+04 3.905978e-03 7.708726e-03
1.045660e+04 5.086132e-03 7.781253e-03
1.046044e+04 6.143525e-03 6.930298e-03
1.046428e+04 5.942636e-03 7.343203e-03
1.046813e+04 6.040276e-03 7.722626e-03
1.047197e+04 6.349954e-03 7.951389e-03
1.047581e+04 2.784379e-03 6.637308e-03
1.047965e+04 2.817852e-04 7.125538e-03
1.048349e+04 3.113583e-03 6.640077e-03
1.048733e+04 4.240715e-03 6.620537e-03
1.049118e+04 5.047001e-03 7.499356e-03
1.049502e+04 5.345515e-03 6.603776e-03
1.049886e+04 2.876419e-03 7.256609e-03
1.050270e+04 3.847309e-03 7.117100e-03
1.050654e+04 4.276949e-03 7.195207e-03
1.051038e+04 4.650790e-03 6.547934e-03
1.051423e+04 5.794649e-03 7.170073e-03
1.051807e+04 4.932557e-03 6.581391e-03
1.052191e+04 5.155741e-03 8.062820e-03
1.052576e+04 2.234709e-03 7.013807e-03
1.052960e+04 7.728008e-04 7.005425e-03
1.053344e+04 3.872368e-03 6.924507e-03
1.053728e+04 5.970356e-03 7.183956e-03
1.054112e+04 5.593710e-03 7.730760e-03
1.054496e+04 3.958834e-03 7.061178e-03
1.054880e+04 4.751153e-03 7.209029e-03
1.055264e+04 7.320613e-03 8.244059e-03
1.055649e+04 7.211795e-03 7.211795e-03
1.056033e+04 6.776567e-03 6.385988e-03
1.056417e+04 4.834818e-03 6.380397e-03
1.056801e+04 4.887818e-03 6.539408e-03
1.057185e+04 6.846281e-03 7.010882e-03
1.057569e+04 4.751101e-03 6.793264e-03
1.057954e+04 2.407629e-03 7.479554e-03
1.058338e+04 1.606943e-03 7.462802e-03
1.058722e+04 1.623680e-03 7.507426e-03
1.059106e+04 3.286413e-03 7.448829e-03
1.059490e+04 3.353364e-03 7.125198e-03
1.059874e+04 3.682555e-04 6.938271e-03
1.060259e+04 2.343441e-03 7.200500e-03
1.060643e+04 2.731220e-03 6.921511e-03
1.061027e+04 4.240498e-04 6.330060e-03
1.061411e+04 -7.197679e-04 7.080507e-03
1.061795e+04 -2.070027e-03 1.164181e-02
1.121396e+04 -7.388492e-03 1.172285e-02
1.121780e+04 4.334354e-03 8.328430e-03
1.122164e+04 9.817829e-04 7.664599e-03
1.122548e+04 -1.522877e-03 7.137439e-03
1.122932e+04 2.128120e-03 7.831927e-03
1.123316e+04 3.578472e-03 7.237830e-03
1.123700e+04 1.073819e-03 7.949051e-03
1.124083e+04 -8.506867e-04 7.396790e-03
1.124467e+04 4.936766e-04 6.203031e-03
1.124851e+04 7.279627e-04 6.730169e-03
1.125235e+04 2.789127e-06 7.806763e-03
1.125619e+04 1.874290e-03 7.062056e-03
1.126003e+04 -4.295242e-04 7.734224e-03
1.126387e+04 -6.331289e-04 8.068908e-03
1.126771e+04 -8.562570e-04 7.848557e-03
1.127154e+04 -1.313669e-03 7.547322e-03
1.127538e+04 5.131950e-04 7.923842e-03
1.127922e+04 -1.729241e-04 6.969958e-03
1.128306e+04 -1.631621e-03 6.760768e-03
1.128690e+04 -2.429299e-03 6.914157e-03
1.129074e+04 -2.083449e-03 7.667204e-03
1.129458e+04 1.115634e-05 7.028493e-03
1.129841e+04 -6.052305e-04 6.836037e-03
1.130225e+04 -2.465544e-03 7.689486e-03
1.130609e+04 -2.738870e-03 7.271112e-03
1.130993e+04 -9.594400e-04 7.145595e-03
1.131377e+04 1.425213e-03 6.674235e-03
1.131760e+04 2.769539e-03 7.293397e-03
1.132145e+04 2.264715e-03 7.840042e-03
1.132528e+04 -3.065170e-03 7.915338e-03
1.132912e+04 -1.204870e-03 9.889975e-03
1.133296e+04 2.459940e-03 2.779564e-02
