2.159463e+03 2.892946e-02 1.716655e-02
2.175154e+03 1.813204e-02 1.553265e-02
2.191195e+03 -4.105776e-03 1.339079e-02
2.207566e+03 -6.316580e-03 1.333018e-02
2.224281e+03 4.897306e-03 1.117650e-02
2.241353e+03 6.299602e-04 1.266856e-02
2.258795e+03 2.853806e-03 1.133724e-02
2.276618e+03 1.160077e-02 1.211181e-02
2.294837e+03 8.588501e-03 1.114831e-02
2.313464e+03 3.351943e-03 1.088083e-02
2.332512e+03 3.488831e-04 9.385244e-03
2.351992e+03 2.282561e-03 8.764228e-03
2.371917e+03 1.156890e-02 8.137983e-03
2.392316e+03 7.673528e-03 8.482631e-03
2.413218e+03 2.052037e-03 7.344738e-03
2.434618e+03 9.360724e-03 7.197459e-03
2.456519e+03 1.001763e-02 6.446478e-03
2.478933e+03 4.583967e-03 5.834139e-03
2.501910e+03 7.037837e-04 6.497789e-03
2.525487e+03 2.239538e-04 5.621816e-03
2.549617e+03 2.714845e-03 5.363682e-03
2.574359e+03 1.569025e-03 5.275022e-03
2.599759e+03 1.493715e-03 4.770714e-03
2.625765e+03 1.914227e-03 4.802761e-03
2.652495e+03 -8.821721e-04 5.003750e-03
2.679872e+03 -2.739679e-03 4.726448e-03
2.708015e+03 1.499350e-03 4.363566e-03
2.736865e+03 4.890481e-03 4.527269e-03
2.766496e+03 4.919482e-03 4.990945e-03
2.796936e+03 4.642739e-03 4.717023e-03
2.828172e+03 2.747125e-03 4.503344e-03
2.860250e+03 2.314763e-03 3.887432e-03
2.893211e+03 5.440243e-03 3.634436e-03
2.927078e+03 5.842406e-03 3.837910e-03
2.961865e+03 6.380962e-03 3.770439e-03
2.997600e+03 1.158481e-02 3.449521e-03
3.034311e+03 1.526883e-02 3.376624e-03
3.072024e+03 1.383556e-02 3.858704e-03
3.110771e+03 9.380309e-03 3.879546e-03
3.150581e+03 9.190897e-03 3.385820e-03
3.191479e+03 1.200226e-02 3.401208e-03
3.233465e+03 1.351583e-02 3.135423e-03
3.276585e+03 1.313175e-02 3.114036e-03
3.320863e+03 1.305451e-02 3.104028e-03
3.366293e+03 1.257186e-02 2.932394e-03
3.412918e+03 1.476845e-02 2.741093e-03
3.460744e+03 1.738523e-02 2.564152e-03
3.509767e+03 2.144402e-02 2.636606e-03
3.560018e+03 2.909990e-02 2.703348e-03
3.611489e+03 3.486187e-02 2.727606e-03
3.664191e+03 3.642186e-02 2.466211e-03
3.718112e+03 2.980791e-02 2.366200e-03
3.773248e+03 2.282401e-02 2.252165e-03
3.829590e+03 2.332578e-02 2.166490e-03
3.887122e+03 3.323237e-02 2.422546e-03
3.945827e+03 4.486700e-02 2.410293e-03
4.005669e+03 5.221307e-02 2.299328e-03
4.066633e+03 5.534065e-02 2.425366e-03
4.128680e+03 5.209231e-02 2.373727e-03
4.191770e+03 4.876231e-02 2.155879e-03
4.255867e+03 4.621553e-02 2.028356e-03
4.320917e+03 3.894535e-02 1.895309e-03
4.386881e+03 3.604976e-02 1.920027e-03
4.453705e+03 4.213716e-02 1.972892e-03
4.521335e+03 4.917498e-02 2.011678e-03
4.589716e+03 5.311790e-02 1.943578e-03
4.658788e+03 5.137343e-02 2.010509e-03
4.728496e+03 4.382264e-02 2.220789e-03
4.798781e+03 4.152614e-02 2.461891e-03
4.869583e+03 4.028206e-02 2.031382e-03
4.940849e+03 3.752213e-02 1.789309e-03
5.012518e+03 3.621856e-02 2.187662e-03
5.084536e+03 3.646576e-02 2.150661e-03
5.156845e+03 4.347250e-02 1.995799e-03
5.229396e+03 4.697972e-02 1.863473e-03
5.302137e+03 4.317098e-02 1.854674e-03
5.375022e+03 3.952682e-02 1.801009e-03
5.448004e+03 3.714088e-02 1.853958e-03
5.521036e+03 3.983462e-02 2.243414e-03
5.594083e+03 4.524172e-02 2.257039e-03
5.667101e+03 4.659650e-02 2.060427e-03
5.740058e+03 4.224171e-02 1.757385e-03
5.812917e+03 3.985305e-02 1.787936e-03
5.885655e+03 4.198776e-02 1.801677e-03
5.958234e+03 4.090028e-02 1.790210e-03
6.030633e+03 3.711575e-02 1.725532e-03
6.102831e+03 2.925169e-02 1.646877e-03
6.174799e+03 2.115179e-02 1.635462e-03
6.246522e+03 2.254639e-02 1.671659e-03
6.317978e+03 2.984825e-02 1.721853e-03
6.389155e+03 3.132009e-02 1.727252e-03
6.460040e+03 2.811998e-02 1.643084e-03
6.530615e+03 2.719611e-02 1.598125e-03
6.600874e+03 2.658319e-02 1.530793e-03
6.670802e+03 2.439508e-02 1.477472e-03
6.740396e+03 2.279226e-02 1.466136e-03
6.809644e+03 2.065266e-02 1.362482e-03
6.878540e+03 1.739174e-02 1.345573e-03
6.947079e+03 1.611189e-02 1.393007e-03
7.015259e+03 1.528261e-02 1.392888e-03
7.083076e+03 1.399485e-02 1.367602e-03
7.150522e+03 1.330299e-02 1.328342e-03
7.217597e+03 1.372700e-02 1.364590e-03
7.284306e+03 1.351625e-02 1.367284e-03
7.350640e+03 1.220680e-02 1.316858e-03
7.416597e+03 1.102616e-02 1.358700e-03
7.482187e+03 9.876456e-03 1.336243e-03
7.547403e+03 8.651457e-03 1.310996e-03
7.612248e+03 7.504899e-03 1.249419e-03
7.676719e+03 6.204777e-03 1.182262e-03
7.740824e+03 6.917065e-03 1.271622e-03
7.804561e+03 8.238505e-03 1.316261e-03
7.867932e+03 9.263591e-03 1.358101e-03
7.930942e+03 1.094524e-02 1.302139e-03
7.993590e+03 1.107037e-02 1.271333e-03
8.055881e+03 1.035452e-02 1.304793e-03
8.117813e+03 9.378936e-03 1.251642e-03
8.179396e+03 7.230104e-03 1.265548e-03
8.240629e+03 4.363552e-03 1.293421e-03
8.301514e+03 3.927567e-03 1.223524e-03
8.362058e+03 5.466492e-03 1.248606e-03
8.422259e+03 7.527609e-03 1.276481e-03
8.482122e+03 1.072532e-02 1.279218e-03
8.541655e+03 1.297037e-02 1.323849e-03
8.600856e+03 1.381325e-02 1.276315e-03
8.659730e+03 1.370097e-02 1.198067e-03
8.718284e+03 1.254988e-02 1.245493e-03
8.776514e+03 1.163345e-02 1.264991e-03
8.834432e+03 1.173353e-02 1.284489e-03
8.892032e+03 1.147620e-02 1.245349e-03
8.949324e+03 1.034216e-02 1.192252e-03
9.006313e+03 9.012768e-03 1.203378e-03
9.062996e+03 8.462437e-03 1.292678e-03
9.119381e+03 8.252755e-03 1.284258e-03
9.175471e+03 7.400988e-03 1.203254e-03
9.231266e+03 6.437613e-03 1.231131e-03
9.286773e+03 6.063333e-03 1.233883e-03
9.341993e+03 5.382016e-03 1.166848e-03
9.396932e+03 5.194825e-03 1.186352e-03
9.451594e+03 5.191875e-03 1.208646e-03
9.505975e+03 4.999127e-03 1.141621e-03
9.560086e+03 4.705909e-03 1.144378e-03
9.613928e+03 3.717727e-03 1.152719e-03
9.667504e+03 2.556565e-03 1.208507e-03
9.720813e+03 3.114681e-03 1.158237e-03
9.773863e+03 4.113724e-03 1.082853e-03
9.826658e+03 4.188968e-03 1.071661e-03
9.879198e+03 4.456768e-03 1.149773e-03
9.931486e+03 4.423166e-03 1.052072e-03
9.983525e+03 4.082605e-03 1.099485e-03
1.003532e+04 3.825780e-03 1.180383e-03
1.008687e+04 3.158775e-03 1.233373e-03
1.013818e+04 3.228458e-03 1.230553e-03
1.018925e+04 2.664742e-03 1.199831e-03
1.024009e+04 2.050828e-03 1.236077e-03
1.029069e+04 2.463728e-03 1.216518e-03
1.034107e+04 2.455304e-03 1.199751e-03
1.039122e+04 1.852598e-03 1.235996e-03
1.044114e+04 1.520549e-03 1.180169e-03
1.049085e+04 1.498198e-03 1.152245e-03
1.054033e+04 1.844112e-03 1.160591e-03
1.058960e+04 2.415989e-03 1.171727e-03
1.063865e+04 2.792560e-03 1.171703e-03
1.068750e+04 1.924903e-03 1.154942e-03
1.073613e+04 1.947183e-03 1.174447e-03
1.078455e+04 2.569229e-03 1.216269e-03
1.083277e+04 1.983374e-03 1.235773e-03
1.088078e+04 1.701598e-03 1.291540e-03
1.092860e+04 2.616508e-03 1.199465e-03
1.097622e+04 3.082292e-03 1.232917e-03
1.102364e+04 2.421160e-03 1.149214e-03
1.107086e+04 1.991565e-03 1.193823e-03
1.111789e+04 2.535436e-03 1.124071e-03
1.116474e+04 2.474031e-03 1.224464e-03
1.121139e+04 2.725015e-03 1.274649e-03
1.125786e+04 3.765313e-03 1.202111e-03
1.130414e+04 3.642531e-03 1.168622e-03
1.135024e+04 3.000996e-03 1.171393e-03
1.139616e+04 2.524033e-03 1.185319e-03
1.144190e+04 1.924371e-03 1.171356e-03
1.148747e+04 2.052631e-03 1.162972e-03
1.153286e+04 2.325909e-03 1.168532e-03
1.157807e+04 2.738619e-03 1.204769e-03
1.162312e+04 2.989570e-03 1.210329e-03
1.166799e+04 2.705075e-03 1.190791e-03
1.171270e+04 3.363169e-03 1.151732e-03
1.175723e+04 3.522074e-03 1.101520e-03
1.180161e+04 3.134408e-03 1.162854e-03
1.184582e+04 3.795259e-03 1.148895e-03
1.188987e+04 4.196758e-03 1.118206e-03
1.193376e+04 4.216220e-03 1.157230e-03
1.197749e+04 3.717030e-03 1.134907e-03
1.202106e+04 2.821895e-03 1.098643e-03
1.206448e+04 3.220599e-03 1.182280e-03
1.210774e+04 4.073795e-03 1.168323e-03
1.215085e+04 3.669439e-03 1.218499e-03
1.219381e+04 2.941649e-03 1.218484e-03
1.223662e+04 3.253898e-03 1.092997e-03
1.227928e+04 3.580078e-03 1.145960e-03
1.232179e+04 3.220360e-03 1.271415e-03
1.236416e+04 3.680367e-03 1.321587e-03
1.240639e+04 3.842038e-03 1.104098e-03
1.244847e+04 3.465601e-03 1.073416e-03
1.249041e+04 3.858676e-03 1.051099e-03
1.253221e+04 4.480365e-03 1.042723e-03
1.257386e+04 3.721978e-03 1.078956e-03
1.261538e+04 3.510053e-03 1.090096e-03
1.265677e+04 4.524823e-03 1.067780e-03
1.269802e+04 4.193013e-03 1.101223e-03
1.273913e+04 3.666058e-03 1.081697e-03
1.278011e+04 3.356569e-03 1.137442e-03
1.282096e+04 2.971814e-03 1.168096e-03
1.286168e+04 2.863061e-03 1.145782e-03
1.290227e+04 3.295134e-03 1.131831e-03
1.294273e+04 3.493031e-03 1.126244e-03
1.298306e+04 3.021874e-03 1.112295e-03
1.302326e+04 3.481811e-03 1.101133e-03
1.306334e+04 4.189841e-03 1.039794e-03
1.310330e+04 3.793958e-03 1.073235e-03
1.314313e+04 3.297728e-03 1.142915e-03
1.318284e+04 3.052390e-03 1.140117e-03
1.322243e+04 3.135987e-03 1.064842e-03
1.326190e+04 2.742919e-03 1.092708e-03
1.330124e+04 2.957531e-03 1.165172e-03
1.334048e+04 3.453672e-03 1.078750e-03
1.337959e+04 3.230646e-03 1.095465e-03
1.341859e+04 3.378351e-03 1.078731e-03
1.345747e+04 3.002022e-03 1.053635e-03
1.349623e+04 2.581104e-03 1.073137e-03
1.353489e+04 3.063293e-03 1.092639e-03
1.357343e+04 2.416607e-03 1.114928e-03
1.361186e+04 2.712040e-03 1.151154e-03
1.365018e+04 3.793480e-03 1.123272e-03
1.368838e+04 2.544760e-03 1.173432e-03
1.372648e+04 2.218633e-03 1.070296e-03
1.376447e+04 2.670142e-03 1.114882e-03
1.380235e+04 2.692418e-03 1.067491e-03
1.384013e+04 2.809457e-03 1.078631e-03
1.387780e+04 2.349557e-03 1.100919e-03
1.391536e+04 2.277074e-03 1.039594e-03
1.395282e+04 2.299353e-03 1.025651e-03
1.399018e+04 2.313270e-03 1.106468e-03
1.402743e+04 1.806009e-03 1.109246e-03
1.406458e+04 1.755829e-03 1.098090e-03
1.410163e+04 2.374532e-03 1.050702e-03
1.413858e+04 2.115324e-03 1.095286e-03
1.417543e+04 1.778085e-03 1.195609e-03
1.421218e+04 1.780859e-03 1.109205e-03
1.424883e+04 2.825945e-03 1.084115e-03
1.428751e+04 3.586748e-03 1.206730e-03
1.432397e+04 3.299674e-03 1.167705e-03
1.436032e+04 2.926209e-03 1.070157e-03
1.439658e+04 2.009316e-03 1.061788e-03
1.443275e+04 1.479805e-03 9.921103e-04
1.446882e+04 2.505340e-03 1.098002e-03
1.450480e+04 2.703185e-03 1.137010e-03
1.454068e+04 2.296298e-03 1.131429e-03
1.457647e+04 2.324150e-03 1.084046e-03
1.461218e+04 2.117917e-03 1.053385e-03
1.464779e+04 1.811364e-03 1.014364e-03
1.468331e+04 1.426788e-03 1.061731e-03
1.471874e+04 2.190329e-03 9.641905e-04
1.475408e+04 3.015166e-03 9.809041e-04
1.478933e+04 2.697469e-03 1.050564e-03
1.482450e+04 2.059315e-03 1.067277e-03
1.485958e+04 1.630165e-03 1.109069e-03
1.489457e+04 1.886521e-03 1.117422e-03
1.492948e+04 2.541353e-03 1.061684e-03
1.496430e+04 2.853431e-03 1.072823e-03
1.499903e+04 2.677863e-03 1.017086e-03
1.503368e+04 2.942566e-03 1.033799e-03
1.506825e+04 2.772571e-03 1.019861e-03
1.510273e+04 2.599793e-03 1.078371e-03
1.513713e+04 2.318343e-03 1.078364e-03
1.517145e+04 1.822341e-03 1.086717e-03
1.520569e+04 2.488289e-03 1.103430e-03
1.523985e+04 2.661033e-03 1.044908e-03
1.527392e+04 2.426959e-03 1.089485e-03
1.530792e+04 2.828186e-03 1.086692e-03
1.534183e+04 3.156962e-03 1.083899e-03
1.537567e+04 2.730631e-03 1.103398e-03
1.540942e+04 3.159712e-03 1.186982e-03
1.544310e+04 4.541714e-03 1.156326e-03
1.547671e+04 4.093094e-03 1.075517e-03
1.551023e+04 3.747571e-03 1.108946e-03
1.554368e+04 3.708542e-03 1.147948e-03
1.557705e+04 3.031459e-03 1.086644e-03
1.561035e+04 2.956213e-03 1.122860e-03
1.564357e+04 2.702650e-03 1.161861e-03
1.567672e+04 2.786222e-03 1.092199e-03
1.570979e+04 3.279366e-03 1.120056e-03
1.574279e+04 3.602549e-03 1.069898e-03
1.577572e+04 3.772488e-03 1.117258e-03
1.580857e+04 2.738800e-03 1.267705e-03
1.584135e+04 2.011601e-03 1.351283e-03
1.587405e+04 2.518668e-03 1.370779e-03
1.590669e+04 2.412782e-03 1.030865e-03
1.593926e+04 3.020142e-03 1.081010e-03
1.597175e+04 3.259731e-03 1.178518e-03
1.600417e+04 2.276229e-03 1.284384e-03
1.603653e+04 2.476814e-03 1.334526e-03
1.606881e+04 3.555006e-03 1.184073e-03
1.610103e+04 3.362752e-03 1.209142e-03
1.613317e+04 3.401739e-03 1.117197e-03
1.616525e+04 3.320930e-03 1.108834e-03
1.619726e+04 3.011669e-03 1.136689e-03
1.622920e+04 3.025582e-03 1.103251e-03
1.626108e+04 3.301381e-03 1.103246e-03
1.629288e+04 3.259575e-03 1.139459e-03
1.632463e+04 2.306766e-03 1.131096e-03
1.635630e+04 2.287254e-03 1.192381e-03
1.638791e+04 2.900146e-03 1.136657e-03
1.641946e+04 1.685477e-03 1.080934e-03
1.645093e+04 1.560104e-03 1.103216e-03
1.648235e+04 3.223271e-03 1.186788e-03
1.651370e+04 3.290119e-03 1.167281e-03
1.654499e+04 2.916798e-03 1.131060e-03
1.657621e+04 3.822186e-03 1.092053e-03
1.660737e+04 4.306907e-03 1.131050e-03
1.663846e+04 3.393137e-03 1.203477e-03
1.666950e+04 2.933462e-03 1.214615e-03
1.670047e+04 2.621440e-03 1.111535e-03
1.673138e+04 2.440353e-03 1.183961e-03
1.676223e+04 2.362341e-03 1.256386e-03
1.679302e+04 2.440332e-03 1.236881e-03
1.682374e+04 2.351178e-03 1.108731e-03
1.685441e+04 1.894306e-03 1.108726e-03
1.688502e+04 2.058656e-03 1.125436e-03
1.691556e+04 2.727221e-03 1.066931e-03
1.694605e+04 3.359566e-03 1.064141e-03
1.697648e+04 2.980697e-03 1.128208e-03
1.700685e+04 2.192336e-03 1.214560e-03
1.703715e+04 1.721548e-03 1.314839e-03
1.706741e+04 2.395673e-03 1.300906e-03
1.709760e+04 4.005772e-03 1.261901e-03
1.712774e+04 3.969543e-03 1.261897e-03
1.715782e+04 3.153337e-03 1.231250e-03
1.718783e+04 3.144967e-03 1.183889e-03
1.721780e+04 3.640794e-03 1.256311e-03
1.724771e+04 3.760562e-03 1.128168e-03
1.727756e+04 2.782805e-03 1.195018e-03
1.730735e+04 1.983333e-03 1.214513e-03
1.733709e+04 2.061321e-03 1.214508e-03
1.736678e+04 2.323156e-03 1.208932e-03
1.739641e+04 2.576632e-03 1.178287e-03
1.742598e+04 3.122588e-03 1.111430e-03
1.745550e+04 3.047367e-03 1.175493e-03
1.748496e+04 2.532036e-03 1.231199e-03
1.751438e+04 3.214475e-03 1.225623e-03
1.754373e+04 3.337026e-03 1.231190e-03
1.757304e+04 3.094677e-03 1.206116e-03
1.760229e+04 3.334218e-03 1.286891e-03
1.763149e+04 3.406629e-03 1.278530e-03
1.766063e+04 3.512463e-03 1.242314e-03
1.768972e+04 3.231119e-03 1.186601e-03
1.771876e+04 2.818864e-03 1.228378e-03
1.774775e+04 2.910774e-03 1.217232e-03
1.777668e+04 2.724140e-03 1.077957e-03
1.780557e+04 2.832762e-03 1.122520e-03
1.783440e+04 2.980380e-03 1.178224e-03
1.786319e+04 2.743610e-03 1.192147e-03
1.789192e+04 2.960861e-03 1.194929e-03
1.792060e+04 2.350854e-03 1.114149e-03
1.794923e+04 1.643364e-03 1.150355e-03
1.797781e+04 1.760343e-03 1.303545e-03
1.800634e+04 2.487312e-03 1.267332e-03
1.803482e+04 3.105649e-03 1.197694e-03
1.806325e+04 2.682269e-03 1.155910e-03
1.809164e+04 2.492859e-03 1.231110e-03
1.811997e+04 2.562483e-03 1.231106e-03
1.814826e+04 2.604255e-03 1.200464e-03
1.817649e+04 2.813143e-03 1.186533e-03
1.820468e+04 2.726790e-03 1.217168e-03
1.823282e+04 2.918967e-03 1.200452e-03
1.826091e+04 3.322820e-03 1.231087e-03
1.828896e+04 3.180762e-03 1.256150e-03
1.831695e+04 2.392526e-03 1.245005e-03
1.834491e+04 1.871679e-03 1.228290e-03
1.837281e+04 1.657211e-03 1.261709e-03
1.840067e+04 1.735192e-03 1.194860e-03
1.842847e+04 1.651631e-03 1.375895e-03
1.845624e+04 1.718470e-03 1.384246e-03
1.848396e+04 2.718350e-03 1.261693e-03
1.851163e+04 3.097129e-03 1.270045e-03
1.853926e+04 2.779608e-03 1.222693e-03
1.856683e+04 2.629200e-03 1.286748e-03
1.859437e+04 2.721103e-03 1.214330e-03
1.862186e+04 2.526134e-03 1.208757e-03
1.864931e+04 1.626525e-03 1.178116e-03
1.867671e+04 1.094559e-03 1.228245e-03
1.870406e+04 2.194681e-03 1.141903e-03
1.873137e+04 3.275301e-03 1.075057e-03
1.875864e+04 2.225305e-03 1.192028e-03
1.878586e+04 1.325710e-03 1.244942e-03
1.881304e+04 1.320136e-03 1.236583e-03
1.884018e+04 2.116668e-03 1.180878e-03
1.886727e+04 2.267056e-03 1.153023e-03
1.889432e+04 1.618127e-03 1.150235e-03
1.892133e+04 1.244924e-03 1.155802e-03
1.894829e+04 1.476080e-03 1.116808e-03
1.897521e+04 2.467554e-03 1.225422e-03
1.900209e+04 2.606799e-03 1.250484e-03
1.902893e+04 3.149873e-03 1.250480e-03
1.905572e+04 3.740290e-03 4.261089e-03
