3.523251e+03 5.162126e-03 1.350138e-02
3.525548e+03 3.546869e-02 8.194667e-03
3.527845e+03 3.074210e-02 7.376180e-03
3.530142e+03 2.693028e-02 7.013595e-03
3.532439e+03 3.655091e-02 6.942664e-03
3.534736e+03 4.923469e-02 6.282811e-03
3.537033e+03 4.184962e-02 6.175092e-03
3.539330e+03 3.560585e-02 7.216863e-03
3.541627e+03 4.529913e-02 7.029858e-03
3.543924e+03 5.265064e-02 6.774910e-03
3.546221e+03 4.722522e-02 7.338155e-03
3.548518e+03 2.717496e-02 8.677078e-03
3.550815e+03 3.056023e-02 7.728528e-03
3.553112e+03 4.317979e-02 7.935024e-03
3.555409e+03 4.215698e-02 8.124531e-03
3.557706e+03 4.330823e-02 8.240426e-03
3.560003e+03 4.145322e-02 7.416515e-03
3.562300e+03 4.336308e-02 8.282551e-03
3.564597e+03 4.256964e-02 7.665308e-03
3.566894e+03 3.629910e-02 7.387758e-03
3.569191e+03 3.581152e-02 5.343988e-03
3.571488e+03 3.444934e-02 7.693150e-03
3.573785e+03 3.601384e-02 8.140196e-03
3.576082e+03 3.667259e-02 7.786241e-03
3.578379e+03 3.225665e-02 6.051126e-03
3.580676e+03 3.830417e-02 6.829315e-03
3.582973e+03 3.939302e-02 5.855603e-03
3.585270e+03 3.616591e-02 6.226230e-03
3.587567e+03 3.544636e-02 6.910977e-03
3.589864e+03 3.613333e-02 5.900533e-03
3.592161e+03 4.032093e-02 6.406974e-03
3.594458e+03 3.563668e-02 6.058771e-03
3.596755e+03 3.480682e-02 6.783086e-03
3.599050e+03 3.665397e-02 6.556572e-03
3.601349e+03 2.593431e-02 7.091257e-03
3.603647e+03 2.397285e-02 6.208265e-03
3.605942e+03 4.571221e-02 6.802360e-03
3.608241e+03 4.746561e-02 6.103329e-03
3.610536e+03 3.778785e-02 6.372010e-03
3.612835e+03 3.230930e-02 6.694440e-03
3.615129e+03 2.658202e-02 6.074678e-03
3.617428e+03 2.960038e-02 7.163849e-03
3.619727e+03 3.000440e-02 7.025074e-03
3.622022e+03 3.245391e-02 6.699578e-03
3.624320e+03 2.877539e-02 5.842214e-03
3.626615e+03 2.933498e-02 6.014677e-03
3.628914e+03 2.962582e-02 6.832156e-03
3.631209e+03 2.916695e-02 7.578878e-03
3.633507e+03 2.850723e-02 6.710247e-03
3.635802e+03 2.209643e-02 5.827506e-03
3.638101e+03 2.462499e-02 6.579865e-03
3.640399e+03 3.074599e-02 5.564206e-03
3.642694e+03 3.498283e-02 5.886575e-03
3.644993e+03 3.469365e-02 5.657342e-03
3.647288e+03 3.236785e-02 6.576532e-03
3.649586e+03 3.035332e-02 6.700865e-03
3.651881e+03 2.435629e-02 6.878935e-03
3.654180e+03 2.865507e-02 6.440393e-03
3.656475e+03 3.326484e-02 6.284710e-03
3.658773e+03 3.743601e-02 6.459947e-03
3.661072e+03 4.262240e-02 5.820631e-03
3.663410e+03 3.566696e-02 6.618085e-03
3.665705e+03 2.973274e-02 7.882159e-03
3.668004e+03 3.157897e-02 6.450976e-03
3.670299e+03 3.240699e-02 6.971223e-03
3.672597e+03 3.105177e-02 6.558201e-03
3.674896e+03 2.927804e-02 5.851083e-03
3.677191e+03 2.686528e-02 6.026306e-03
3.679489e+03 2.172371e-02 5.480414e-03
3.681784e+03 2.502054e-02 5.519901e-03
3.684083e+03 2.784501e-02 5.975071e-03
3.686378e+03 2.785582e-02 6.483950e-03
3.688676e+03 3.871069e-02 6.602592e-03
3.690971e+03 4.058469e-02 6.347985e-03
3.693270e+03 3.499103e-02 5.587255e-03
3.695565e+03 3.162000e-02 6.169618e-03
3.697863e+03 2.999081e-02 6.228882e-03
3.700162e+03 2.905156e-02 6.138290e-03
3.702457e+03 3.010846e-02 4.518106e-03
3.704755e+03 2.846809e-02 4.769654e-03
3.707050e+03 2.212887e-02 5.021192e-03
3.709349e+03 2.150931e-02 4.034408e-03
3.711644e+03 1.915956e-02 5.100171e-03
3.713942e+03 1.976139e-02 4.837158e-03
3.716237e+03 2.635370e-02 4.280144e-03
3.718536e+03 2.556166e-02 5.464577e-03
3.720831e+03 2.857473e-02 5.407940e-03
3.723129e+03 3.207672e-02 5.433282e-03
3.725424e+03 3.074188e-02 6.309505e-03
3.727723e+03 2.930531e-02 6.343315e-03
3.730022e+03 2.695295e-02 6.476057e-03
3.732317e+03 3.268782e-02 6.320475e-03
3.734615e+03 3.033547e-02 6.068790e-03
3.736910e+03 3.259339e-02 6.659440e-03
3.739209e+03 3.812717e-02 6.633883e-03
3.741504e+03 2.309805e-02 5.992151e-03
3.743802e+03 1.972005e-02 4.799289e-03
3.746097e+03 2.848432e-02 5.703648e-03
3.748396e+03 3.053858e-02 5.607452e-03
3.750691e+03 3.612844e-02 4.926218e-03
3.752989e+03 4.209398e-02 4.674598e-03
3.755284e+03 3.747526e-02 5.152141e-03
3.757583e+03 3.621979e-02 5.875541e-03
3.759878e+03 3.674482e-02 5.903700e-03
3.762176e+03 3.186361e-02 5.442954e-03
3.764471e+03 2.490263e-02 4.750489e-03
3.766770e+03 2.943784e-02 5.137562e-03
3.769068e+03 2.862911e-02 5.357891e-03
3.771363e+03 2.593276e-02 5.224985e-03
3.773662e+03 2.753171e-02 4.987526e-03
3.775957e+03 2.260596e-02 5.727787e-03
3.778255e+03 1.978553e-02 5.097558e-03
3.780550e+03 2.820844e-02 5.490233e-03
3.782849e+03 2.833229e-02 5.557954e-03
3.785144e+03 2.693598e-02 5.916705e-03
3.787442e+03 3.281540e-02 5.300643e-03
3.789781e+03 2.832517e-02 4.910636e-03
3.792079e+03 3.011599e-02 5.433254e-03
3.794374e+03 3.301147e-02 6.433337e-03
3.796673e+03 2.580355e-02 5.003622e-03
3.798968e+03 2.739090e-02 5.444277e-03
3.801266e+03 3.037103e-02 5.390506e-03
3.803561e+03 2.862174e-02 5.073998e-03
3.805860e+03 2.614929e-02 5.975124e-03
3.808155e+03 2.496797e-02 5.559736e-03
3.810453e+03 1.978928e-02 5.455119e-03
3.812748e+03 2.286252e-02 5.661250e-03
3.815047e+03 2.766734e-02 4.985997e-03
3.817342e+03 2.083914e-02 4.737323e-03
3.819640e+03 1.735577e-02 5.146845e-03
3.821935e+03 2.843993e-02 5.999843e-03
3.824234e+03 3.135459e-02 6.883886e-03
3.826529e+03 2.480926e-02 6.208671e-03
3.828827e+03 2.522690e-02 5.999546e-03
3.831122e+03 2.967239e-02 5.440174e-03
3.833421e+03 3.097120e-02 5.988048e-03
3.835716e+03 3.462560e-02 5.403278e-03
3.838014e+03 3.948025e-02 5.479447e-03
3.840309e+03 3.918024e-02 5.349434e-03
3.842608e+03 4.054658e-02 4.849435e-03
3.844903e+03 3.931167e-02 4.996219e-03
3.847201e+03 3.278415e-02 5.439548e-03
3.849496e+03 3.280339e-02 4.953690e-03
3.851795e+03 3.504524e-02 5.716139e-03
3.854090e+03 3.549090e-02 5.464699e-03
3.856388e+03 3.519661e-02 5.566277e-03
3.858683e+03 3.921182e-02 5.710212e-03
3.860982e+03 4.278070e-02 6.263624e-03
3.863277e+03 4.301158e-02 5.063342e-03
3.865576e+03 4.512318e-02 4.842996e-03
3.867871e+03 4.288030e-02 6.407336e-03
3.870169e+03 4.032687e-02 6.218037e-03
3.872464e+03 4.063684e-02 6.409952e-03
3.874763e+03 3.958575e-02 5.915698e-03
3.877058e+03 4.200502e-02 6.265739e-03
3.879356e+03 4.507081e-02 5.362078e-03
3.881651e+03 4.615434e-02 5.881532e-03
3.883950e+03 4.596444e-02 6.014144e-03
3.886245e+03 4.298208e-02 5.994283e-03
3.888543e+03 4.395269e-02 6.310417e-03
3.890838e+03 4.503052e-02 5.559288e-03
3.893137e+03 4.216693e-02 6.276334e-03
3.895432e+03 4.261234e-02 5.361480e-03
3.897730e+03 4.823845e-02 5.818765e-03
3.900025e+03 5.089151e-02 6.064295e-03
3.902324e+03 4.815788e-02 6.061376e-03
3.904619e+03 4.546668e-02 5.795905e-03
3.906917e+03 4.273038e-02 6.772605e-03
3.909212e+03 4.054466e-02 6.908008e-03
3.911511e+03 4.529515e-02 6.755456e-03
3.913806e+03 4.913650e-02 6.540806e-03
3.916104e+03 4.249906e-02 6.758069e-03
3.918399e+03 3.539604e-02 6.376875e-03
3.920698e+03 3.659236e-02 5.642841e-03
3.922993e+03 4.778414e-02 6.128271e-03
3.925291e+03 4.665713e-02 6.040673e-03
3.927586e+03 3.965895e-02 5.964365e-03
3.929881e+03 4.016358e-02 5.608619e-03
3.932180e+03 4.423881e-02 5.696034e-03
3.934475e+03 4.334340e-02 5.334659e-03
3.936773e+03 3.319009e-02 4.736200e-03
3.939068e+03 2.987316e-02 5.038133e-03
3.941367e+03 4.296601e-02 5.786003e-03
3.943662e+03 4.835332e-02 6.099200e-03
3.945960e+03 4.522540e-02 5.955169e-03
3.948255e+03 4.602626e-02 5.898632e-03
3.950554e+03 4.551191e-02 6.465816e-03
3.952849e+03 4.580753e-02 6.076252e-03
3.955147e+03 4.683694e-02 6.428933e-03
3.957486e+03 4.460390e-02 5.830541e-03
3.959781e+03 4.464558e-02 6.431558e-03
3.962079e+03 4.553103e-02 5.632819e-03
3.964374e+03 4.330378e-02 6.318484e-03
3.966673e+03 4.243395e-02 5.988220e-03
3.968968e+03 4.398819e-02 5.629745e-03
3.971266e+03 4.329336e-02 5.734070e-03
3.973561e+03 3.363072e-02 4.723765e-03
3.975860e+03 3.631094e-02 5.271125e-03
3.978155e+03 4.175357e-02 5.101739e-03
3.980453e+03 4.201536e-02 4.686872e-03
3.982748e+03 4.606949e-02 4.669872e-03
3.985047e+03 4.866754e-02 4.827815e-03
3.987342e+03 4.938350e-02 5.180441e-03
3.989637e+03 4.098020e-02 5.321443e-03
3.991935e+03 4.196710e-02 5.073072e-03
3.994230e+03 4.994559e-02 5.168926e-03
3.996529e+03 4.764258e-02 5.862923e-03
3.998824e+03 4.364400e-02 4.827387e-03
4.001122e+03 4.654087e-02 5.436726e-03
4.003417e+03 4.667278e-02 4.945742e-03
4.005716e+03 4.636175e-02 5.004915e-03
4.008011e+03 4.598303e-02 5.394170e-03
4.010309e+03 4.510781e-02 5.645176e-03
4.012604e+03 4.947427e-02 6.102119e-03
4.014899e+03 5.550226e-02 5.467284e-03
4.017198e+03 4.642892e-02 5.769059e-03
4.019493e+03 4.587534e-02 4.880354e-03
4.021791e+03 5.531082e-02 5.546033e-03
4.024086e+03 5.367390e-02 5.108709e-03
4.026385e+03 5.260399e-02 5.049397e-03
4.028680e+03 5.267096e-02 5.438603e-03
4.030978e+03 5.158137e-02 5.368005e-03
4.033273e+03 5.444652e-02 5.971573e-03
4.035568e+03 6.153144e-02 5.706339e-03
4.037867e+03 6.247830e-02 5.418548e-03
4.040162e+03 6.015320e-02 5.771052e-03
4.042460e+03 6.145829e-02 5.305569e-03
4.044755e+03 6.483647e-02 5.167286e-03
4.047054e+03 6.255373e-02 5.116443e-03
4.049349e+03 6.070825e-02 5.477392e-03
4.051644e+03 6.470678e-02 5.852437e-03
4.053942e+03 6.784217e-02 5.787485e-03
4.056237e+03 6.645359e-02 4.932829e-03
4.058536e+03 6.442767e-02 4.994807e-03
4.060831e+03 6.222410e-02 5.197799e-03
4.063129e+03 6.373773e-02 5.637684e-03
4.065424e+03 6.458290e-02 5.643247e-03
4.067719e+03 6.388259e-02 5.547281e-03
4.070018e+03 5.749410e-02 5.121366e-03
4.072313e+03 5.118475e-02 5.361002e-03
4.074612e+03 5.572996e-02 5.516032e-03
4.076906e+03 5.748606e-02 5.112692e-03
4.079205e+03 5.853993e-02 5.981173e-03
4.081500e+03 6.092478e-02 6.116448e-03
4.083795e+03 6.105367e-02 6.181222e-03
4.086094e+03 6.724525e-02 5.301340e-03
4.088388e+03 6.611921e-02 5.041844e-03
4.090687e+03 6.207190e-02 5.707243e-03
4.092982e+03 6.615405e-02 5.492863e-03
4.095281e+03 6.633080e-02 5.050095e-03
4.097576e+03 6.710247e-02 5.709828e-03
4.099914e+03 6.754141e-02 5.111989e-03
4.102212e+03 6.526789e-02 5.038608e-03
4.104507e+03 6.236288e-02 5.469931e-03
4.106802e+03 6.240994e-02 5.213281e-03
4.109101e+03 6.418536e-02 5.357004e-03
4.111396e+03 6.606225e-02 5.884167e-03
4.113694e+03 6.219313e-02 5.635980e-03
4.115989e+03 5.520310e-02 5.478021e-03
4.118288e+03 6.111730e-02 5.407464e-03
4.120583e+03 6.478721e-02 5.215680e-03
4.122878e+03 5.473853e-02 5.057732e-03
4.125176e+03 4.838893e-02 5.548207e-03
4.127471e+03 4.503063e-02 4.981479e-03
4.129770e+03 4.636351e-02 5.325346e-03
4.132065e+03 4.840672e-02 5.722769e-03
4.134360e+03 4.395477e-02 5.671948e-03
4.136658e+03 4.538064e-02 6.097546e-03
4.138953e+03 5.047393e-02 5.279959e-03
4.141252e+03 5.736561e-02 5.480036e-03
4.143547e+03 5.519709e-02 5.680104e-03
4.145842e+03 4.578132e-02 4.431270e-03
4.148140e+03 4.609924e-02 5.175384e-03
4.150435e+03 4.597745e-02 5.911022e-03
4.152730e+03 4.620796e-02 6.049063e-03
4.155029e+03 4.637084e-02 5.544432e-03
4.157324e+03 4.790079e-02 5.113101e-03
4.159622e+03 5.210279e-02 4.980556e-03
4.161917e+03 4.849146e-02 5.465294e-03
4.164212e+03 4.329336e-02 5.366573e-03
4.166511e+03 4.098724e-02 4.943721e-03
4.168806e+03 4.157295e-02 5.276243e-03
4.171104e+03 4.505604e-02 5.388910e-03
4.173399e+03 5.169568e-02 4.754695e-03
4.175694e+03 5.192612e-02 5.633973e-03
4.177993e+03 4.428487e-02 5.684630e-03
4.180288e+03 4.373193e-02 5.738106e-03
4.182583e+03 4.733876e-02 5.929676e-03
4.184881e+03 4.440436e-02 5.298310e-03
4.187176e+03 4.934975e-02 6.098617e-03
4.189475e+03 5.328329e-02 5.433449e-03
4.191770e+03 4.813387e-02 5.672921e-03
4.194065e+03 4.400192e-02 4.539971e-03
4.196363e+03 4.532584e-02 5.365606e-03
4.198658e+03 4.414735e-02 5.483895e-03
4.200953e+03 4.435532e-02 5.455647e-03
4.203252e+03 4.182985e-02 6.114980e-03
4.205547e+03 3.832099e-02 5.075087e-03
4.207845e+03 4.224302e-02 5.618878e-03
4.210140e+03 4.162255e-02 5.486366e-03
4.212435e+03 4.282523e-02 5.480662e-03
4.214734e+03 4.595810e-02 5.319980e-03
4.217029e+03 4.423022e-02 5.379086e-03
4.219324e+03 3.945084e-02 5.136695e-03
4.221622e+03 3.820493e-02 5.466300e-03
4.223917e+03 4.029513e-02 5.026679e-03
4.226212e+03 4.249519e-02 5.246388e-03
4.228511e+03 4.162121e-02 5.406925e-03
4.230806e+03 3.981747e-02 5.136375e-03
4.233104e+03 3.729248e-02 5.212383e-03
4.235399e+03 3.655667e-02 5.434900e-03
4.237694e+03 3.344015e-02 5.034755e-03
4.239993e+03 3.264240e-02 4.296534e-03
4.242288e+03 3.621723e-02 5.288194e-03
4.244583e+03 3.710989e-02 4.800732e-03
4.246881e+03 3.903926e-02 5.169738e-03
4.249176e+03 3.816545e-02 4.975283e-03
4.251471e+03 3.502094e-02 5.316108e-03
4.253770e+03 3.054400e-02 5.417461e-03
4.256065e+03 2.924210e-02 4.696204e-03
4.258360e+03 2.934315e-02 4.636987e-03
4.260658e+03 3.317405e-02 5.115834e-03
4.262953e+03 3.639354e-02 4.991821e-03
4.265248e+03 3.144922e-02 5.059369e-03
4.267547e+03 2.874173e-02 4.940994e-03
4.269842e+03 3.142593e-02 5.062066e-03
4.272137e+03 3.094385e-02 4.805664e-03
4.274435e+03 2.897449e-02 4.292932e-03
4.276730e+03 3.047553e-02 4.661888e-03
4.279025e+03 3.256523e-02 5.109707e-03
4.281324e+03 3.038184e-02 4.844867e-03
4.283619e+03 2.571411e-02 4.611019e-03
4.285914e+03 2.744890e-02 4.917987e-03
4.288212e+03 3.055256e-02 5.016513e-03
4.290507e+03 3.240273e-02 4.520722e-03
4.292802e+03 3.519080e-02 5.165674e-03
4.295144e+03 3.197384e-02 5.455719e-03
4.297439e+03 2.728109e-02 5.855603e-03
4.299734e+03 2.644707e-02 5.061276e-03
4.302032e+03 2.642141e-02 4.576783e-03
4.304327e+03 2.808281e-02 4.579544e-03
4.306622e+03 2.851902e-02 5.075179e-03
4.308921e+03 2.557838e-02 4.663928e-03
4.311216e+03 2.623992e-02 3.965420e-03
4.313511e+03 2.293044e-02 3.999169e-03
4.315806e+03 2.221484e-02 4.382136e-03
4.318104e+03 2.648965e-02 4.804524e-03
4.320399e+03 3.281176e-02 5.280407e-03
4.322694e+03 3.427579e-02 4.793145e-03
4.324993e+03 3.067916e-02 4.793090e-03
4.327288e+03 2.973541e-02 5.085910e-03
4.329583e+03 3.010960e-02 4.319875e-03
4.331881e+03 3.035988e-02 4.283218e-03
4.334176e+03 2.777442e-02 4.607010e-03
4.336471e+03 2.259831e-02 4.553454e-03
4.338770e+03 2.702473e-02 4.325307e-03
4.341065e+03 3.429514e-02 4.699776e-03
4.343360e+03 3.461295e-02 5.462831e-03
4.345655e+03 3.148411e-02 5.496558e-03
4.347953e+03 2.940851e-02 5.158596e-03
4.350248e+03 3.184382e-02 4.885405e-03
4.352543e+03 3.762986e-02 4.958558e-03
4.354842e+03 4.294272e-02 5.220365e-03
4.357137e+03 4.059392e-02 5.285066e-03
4.359432e+03 4.151983e-02 5.040043e-03
4.361730e+03 4.329038e-02 5.490489e-03
4.364025e+03 4.141472e-02 5.515767e-03
4.366320e+03 4.148463e-02 5.296089e-03
4.368615e+03 4.010453e-02 5.076416e-03
4.370914e+03 3.801497e-02 4.676558e-03
4.373209e+03 3.707419e-02 5.062227e-03
4.375504e+03 3.392328e-02 5.245173e-03
4.377802e+03 2.895934e-02 4.653878e-03
4.380097e+03 3.757409e-02 4.977593e-03
4.382392e+03 4.579447e-02 4.895894e-03
4.384687e+03 4.673992e-02 4.822641e-03
4.386986e+03 5.092009e-02 4.465044e-03
4.389281e+03 5.291836e-02 4.698661e-03
4.391576e+03 4.888355e-02 5.143414e-03
4.393871e+03 4.667873e-02 5.042011e-03
4.396169e+03 4.457808e-02 4.234004e-03
4.398464e+03 4.232269e-02 4.650595e-03
4.400759e+03 4.760897e-02 4.245171e-03
4.403058e+03 5.073597e-02 4.746205e-03
4.405353e+03 4.759666e-02 4.596958e-03
4.407647e+03 4.827175e-02 4.537791e-03
4.409942e+03 4.942534e-02 5.134515e-03
4.412241e+03 5.211591e-02 4.785406e-03
4.414536e+03 5.814487e-02 5.314559e-03
4.416831e+03 5.422029e-02 4.869748e-03
4.419126e+03 5.011564e-02 5.142736e-03
4.421424e+03 5.296934e-02 4.869643e-03
4.423719e+03 6.238142e-02 5.491659e-03
4.426014e+03 6.365021e-02 5.204494e-03
4.428309e+03 5.733325e-02 4.908891e-03
4.430608e+03 5.022551e-02 5.027055e-03
4.432903e+03 4.567929e-02 4.351481e-03
4.435198e+03 5.358230e-02 5.589874e-03
4.437493e+03 6.241117e-02 5.845945e-03
4.439791e+03 6.302124e-02 4.877666e-03
4.442086e+03 6.658662e-02 5.232246e-03
4.444381e+03 6.642827e-02 4.624255e-03
4.446676e+03 5.879466e-02 5.001348e-03
4.448975e+03 5.787654e-02 4.680444e-03
4.451270e+03 5.374997e-02 4.964652e-03
4.453565e+03 5.323997e-02 4.973042e-03
4.455860e+03 5.678553e-02 5.448619e-03
4.458158e+03 6.082351e-02 5.330358e-03
4.460453e+03 6.225251e-02 5.133301e-03
4.462748e+03 5.686251e-02 4.474705e-03
4.465086e+03 4.924937e-02 4.899608e-03
4.467385e+03 4.953590e-02 5.034638e-03
4.469680e+03 5.036837e-02 4.967045e-03
4.471975e+03 5.197191e-02 5.133028e-03
4.474270e+03 5.807239e-02 5.155488e-03
4.476565e+03 5.244923e-02 5.011915e-03
4.478863e+03 4.679802e-02 4.994979e-03
4.481158e+03 5.340491e-02 5.070903e-03
4.483453e+03 5.647442e-02 4.837289e-03
4.485748e+03 5.580411e-02 5.473200e-03
4.488047e+03 4.993925e-02 5.585701e-03
4.490342e+03 4.871750e-02 5.743221e-03
4.492637e+03 6.003730e-02 5.729094e-03
4.494932e+03 6.634537e-02 5.551760e-03
4.497227e+03 6.539922e-02 5.568585e-03
4.499525e+03 6.190379e-02 5.399700e-03
4.501820e+03 5.694246e-02 5.095757e-03
4.504115e+03 5.871735e-02 4.760867e-03
4.506410e+03 6.213542e-02 4.279671e-03
4.508705e+03 6.154673e-02 5.441683e-03
4.511004e+03 5.773359e-02 4.887335e-03
4.513299e+03 4.978446e-02 4.428662e-03
4.515594e+03 4.615159e-02 4.653706e-03
4.517888e+03 5.447652e-02 5.261392e-03
4.520187e+03 6.260710e-02 5.236016e-03
4.522482e+03 6.013340e-02 5.055897e-03
4.524777e+03 5.429198e-02 4.864530e-03
4.527072e+03 5.283123e-02 4.535303e-03
4.529367e+03 5.452439e-02 4.493058e-03
4.531662e+03 5.392458e-02 4.706832e-03
4.533960e+03 5.661362e-02 4.526727e-03
4.536255e+03 6.265333e-02 5.019018e-03
4.538550e+03 5.863245e-02 5.066795e-03
4.540845e+03 5.628558e-02 4.937333e-03
4.543140e+03 5.632158e-02 4.821938e-03
4.545439e+03 5.270321e-02 5.122906e-03
4.547734e+03 5.604196e-02 5.232572e-03
4.550029e+03 5.735235e-02 4.273224e-03
4.552324e+03 5.179860e-02 4.433530e-03
4.554619e+03 4.973045e-02 5.370257e-03
4.556917e+03 5.393272e-02 4.953865e-03
4.559212e+03 4.693327e-02 4.388388e-03
4.561507e+03 3.938259e-02 4.379907e-03
4.563802e+03 4.272688e-02 4.866515e-03
4.566097e+03 4.631302e-02 4.568291e-03
4.568392e+03 5.276829e-02 4.416344e-03
4.570691e+03 4.742883e-02 4.860744e-03
4.572986e+03 4.510772e-02 5.395149e-03
4.575281e+03 5.096933e-02 5.257266e-03
4.577576e+03 5.208269e-02 5.153139e-03
4.579871e+03 5.067298e-02 4.596149e-03
4.582165e+03 4.906636e-02 4.413272e-03
4.584464e+03 4.780015e-02 5.214869e-03
4.586759e+03 4.834253e-02 5.602976e-03
4.589054e+03 4.963593e-02 5.358214e-03
4.591349e+03 4.454166e-02 5.512860e-03
4.593644e+03 4.251612e-02 5.107786e-03
4.595939e+03 4.350013e-02 4.494582e-03
4.598237e+03 4.957493e-02 5.377696e-03
4.600532e+03 5.636119e-02 5.028884e-03
4.602827e+03 5.448186e-02 4.969773e-03
4.605122e+03 4.674128e-02 4.896600e-03
4.607417e+03 4.638366e-02 3.917804e-03
4.609712e+03 4.839413e-02 4.710882e-03
4.612007e+03 4.471219e-02 4.362095e-03
4.614306e+03 4.550765e-02 5.172029e-03
4.616601e+03 5.001548e-02 4.710746e-03
4.618896e+03 4.789448e-02 4.887882e-03
4.621191e+03 4.522512e-02 5.365931e-03
4.623486e+03 4.703582e-02 5.028403e-03
4.625781e+03 4.719006e-02 4.983359e-03
4.628076e+03 4.534477e-02 5.199857e-03
4.630374e+03 4.443318e-02 5.748189e-03
4.632669e+03 4.300415e-02 5.464104e-03
4.634964e+03 4.056559e-02 4.794755e-03
4.637259e+03 4.401852e-02 4.344767e-03
4.639554e+03 4.430214e-02 4.803101e-03
4.641849e+03 4.087659e-02 5.179877e-03
4.644144e+03 4.099152e-02 5.275439e-03
4.646439e+03 4.053838e-02 4.569567e-03
4.648737e+03 4.318130e-02 5.385007e-03
4.651032e+03 4.796971e-02 5.151562e-03
4.653327e+03 4.605431e-02 5.359601e-03
4.655622e+03 4.186410e-02 5.064298e-03
4.657917e+03 4.447035e-02 4.887098e-03
4.660212e+03 4.361514e-02 4.566500e-03
4.662507e+03 4.024331e-02 4.583328e-03
4.664802e+03 4.404454e-02 4.813856e-03
4.667097e+03 4.742110e-02 4.951591e-03
4.669396e+03 4.772715e-02 5.280524e-03
4.671691e+03 4.446226e-02 4.976803e-03
4.673986e+03 4.367739e-02 4.720890e-03
4.676281e+03 4.258043e-02 5.162285e-03
4.678576e+03 3.717599e-02 5.021653e-03
4.680871e+03 3.779140e-02 4.833227e-03
4.683165e+03 3.934306e-02 4.321468e-03
4.685460e+03 3.906437e-02 5.044010e-03
4.687755e+03 3.617653e-02 5.052397e-03
4.690054e+03 3.536647e-02 4.310104e-03
4.692349e+03 4.001360e-02 4.698055e-03
4.694644e+03 3.825886e-02 4.703635e-03
4.696939e+03 3.341154e-02 4.771067e-03
4.699234e+03 3.337749e-02 4.759777e-03
4.701529e+03 3.309885e-02 4.934044e-03
4.703824e+03 3.588746e-02 5.060512e-03
4.706162e+03 4.037969e-02 4.852423e-03
4.708457e+03 3.696919e-02 5.796992e-03
4.710752e+03 3.765479e-02 4.891696e-03
4.713047e+03 3.935529e-02 5.414553e-03
4.715345e+03 3.423845e-02 5.153055e-03
4.717640e+03 3.362810e-02 5.105217e-03
4.719935e+03 3.380491e-02 4.784694e-03
4.722230e+03 3.812539e-02 4.604734e-03
4.724525e+03 3.685160e-02 4.714330e-03
4.726820e+03 3.089728e-02 5.046003e-03
4.729115e+03 3.251057e-02 4.717057e-03
4.731410e+03 3.559126e-02 4.534294e-03
4.733705e+03 3.509339e-02 4.652319e-03
4.736000e+03 3.398834e-02 4.410528e-03
4.738295e+03 3.314752e-02 5.026101e-03
4.740590e+03 3.630680e-02 5.703506e-03
4.742885e+03 4.152925e-02 4.893898e-03
4.745180e+03 3.741085e-02 4.503133e-03
4.747475e+03 3.149637e-02 4.626773e-03
4.749773e+03 3.024242e-02 4.657654e-03
4.752068e+03 2.982334e-02 4.483339e-03
4.754363e+03 3.278571e-02 4.755952e-03
4.756658e+03 3.341504e-02 5.385536e-03
4.758953e+03 3.117737e-02 5.318029e-03
4.761248e+03 3.087354e-02 5.649652e-03
4.763543e+03 2.943698e-02 4.944105e-03
4.765838e+03 3.100790e-02 5.073355e-03
4.768133e+03 3.271373e-02 4.471822e-03
4.770428e+03 3.414688e-02 4.856846e-03
4.772723e+03 3.541139e-02 4.730326e-03
4.775018e+03 3.361790e-02 4.868005e-03
4.777313e+03 3.399704e-02 4.859532e-03
4.779608e+03 3.576462e-02 4.381691e-03
4.781903e+03 3.788626e-02 4.474402e-03
4.784198e+03 3.834407e-02 4.592407e-03
4.786493e+03 3.636512e-02 5.334339e-03
4.788788e+03 3.933269e-02 5.216256e-03
4.791083e+03 4.316581e-02 5.008237e-03
4.793378e+03 4.445826e-02 5.019435e-03
4.795673e+03 4.137204e-02 4.811421e-03
4.797968e+03 3.882829e-02 4.684914e-03
4.800263e+03 3.958676e-02 4.712978e-03
4.802558e+03 3.571941e-02 4.561179e-03
4.804853e+03 3.648911e-02 4.993928e-03
4.807147e+03 4.119888e-02 4.594826e-03
4.809442e+03 3.849505e-02 4.763402e-03
4.811737e+03 3.535568e-02 4.223796e-03
4.814032e+03 3.843536e-02 4.583469e-03
4.816327e+03 4.025607e-02 4.642444e-03
4.818622e+03 4.202612e-02 4.341718e-03
4.820917e+03 4.278734e-02 4.234894e-03
4.823212e+03 4.029438e-02 4.063443e-03
4.825507e+03 4.145180e-02 3.830170e-03
4.827802e+03 3.936919e-02 4.327520e-03
4.830097e+03 3.510320e-02 5.561098e-03
4.832392e+03 3.783427e-02 4.757383e-03
4.834687e+03 3.447036e-02 5.395215e-03
4.836982e+03 3.630499e-02 5.431700e-03
4.839277e+03 3.977502e-02 5.414795e-03
4.841572e+03 3.405083e-02 3.995733e-03
4.843867e+03 3.363188e-02 4.358178e-03
4.846162e+03 3.657357e-02 4.296326e-03
4.848457e+03 3.354985e-02 4.223234e-03
4.850752e+03 3.301289e-02 5.496057e-03
4.853047e+03 3.916611e-02 5.720798e-03
4.855342e+03 4.061566e-02 5.476300e-03
4.857637e+03 3.747118e-02 5.422868e-03
4.859932e+03 3.618682e-02 4.425362e-03
4.862227e+03 3.663890e-02 4.411276e-03
4.864522e+03 4.036427e-02 4.798981e-03
4.866817e+03 4.286735e-02 4.638789e-03
4.869112e+03 4.114189e-02 5.004008e-03
4.871406e+03 4.360561e-02 4.093645e-03
4.873701e+03 4.531350e-02 4.422335e-03
4.875996e+03 4.313287e-02 4.860596e-03
4.878291e+03 4.535209e-02 4.652650e-03
4.880586e+03 4.340189e-02 4.745327e-03
4.882881e+03 4.436241e-02 4.947574e-03
4.885176e+03 4.959334e-02 4.896964e-03
4.887471e+03 4.742121e-02 4.573834e-03
4.889766e+03 4.804735e-02 4.464227e-03
4.892061e+03 4.963709e-02 4.242247e-03
4.894356e+03 5.057504e-02 4.624294e-03
4.896651e+03 5.105503e-02 4.433219e-03
4.898946e+03 4.444700e-02 4.865826e-03
4.901241e+03 4.096869e-02 4.483715e-03
4.903536e+03 4.689882e-02 4.834845e-03
4.905831e+03 5.016849e-02 4.966843e-03
4.908122e+03 5.069905e-02 5.424717e-03
4.910417e+03 5.172121e-02 4.980812e-03
4.912712e+03 4.721761e-02 4.927397e-03
4.915007e+03 4.382370e-02 4.491930e-03
4.917302e+03 4.303960e-02 4.755957e-03
4.919597e+03 4.062055e-02 4.798058e-03
4.921935e+03 3.826056e-02 4.677225e-03
4.924230e+03 4.567913e-02 5.053612e-03
4.926525e+03 4.895700e-02 4.640635e-03
4.928820e+03 4.909146e-02 5.143423e-03
4.931115e+03 4.968939e-02 4.615278e-03
4.933410e+03 4.543332e-02 4.188270e-03
4.935705e+03 4.428690e-02 4.643298e-03
4.938000e+03 4.655902e-02 4.528092e-03
4.940295e+03 4.572438e-02 4.640415e-03
4.942590e+03 3.912300e-02 4.825771e-03
4.944885e+03 4.009177e-02 4.103839e-03
4.947176e+03 4.557727e-02 5.092540e-03
4.949471e+03 4.356013e-02 4.620610e-03
4.951766e+03 3.694492e-02 4.443616e-03
4.954061e+03 3.498408e-02 4.474480e-03
4.956356e+03 4.055931e-02 4.522193e-03
4.958651e+03 4.046068e-02 4.977184e-03
4.960946e+03 3.497765e-02 4.612006e-03
4.963241e+03 3.416845e-02 4.892844e-03
4.965536e+03 3.356995e-02 4.898424e-03
4.967831e+03 3.494313e-02 4.993884e-03
4.970122e+03 3.053605e-02 4.359082e-03
4.972417e+03 2.953872e-02 4.738218e-03
4.974712e+03 3.472045e-02 4.294416e-03
4.977007e+03 3.493365e-02 4.167996e-03
4.979302e+03 3.358807e-02 4.535890e-03
4.981597e+03 3.361871e-02 4.625731e-03
4.983892e+03 3.230404e-02 5.232344e-03
4.986187e+03 2.770060e-02 4.670597e-03
4.988482e+03 2.651239e-02 4.086392e-03
4.990773e+03 2.647568e-02 4.701419e-03
4.993068e+03 2.422589e-02 4.108796e-03
4.995363e+03 2.931463e-02 4.198637e-03
4.997658e+03 3.304119e-02 4.549659e-03
4.999953e+03 3.679016e-02 5.018628e-03
5.002248e+03 4.127488e-02 4.732135e-03
5.004543e+03 3.819662e-02 5.700988e-03
5.006838e+03 3.407368e-02 4.642197e-03
5.009129e+03 2.797934e-02 4.911762e-03
5.011424e+03 2.432273e-02 5.012824e-03
5.013719e+03 2.667027e-02 4.824632e-03
5.016014e+03 2.514238e-02 4.392122e-03
5.018309e+03 3.110409e-02 4.580242e-03
5.020604e+03 3.498763e-02 3.774250e-03
5.022899e+03 3.117384e-02 4.187028e-03
5.025191e+03 2.937356e-02 4.664387e-03
5.027486e+03 2.866850e-02 4.585724e-03
5.029781e+03 3.240310e-02 4.529526e-03
5.032076e+03 3.489086e-02 4.706404e-03
5.034371e+03 3.280419e-02 4.290772e-03
5.036665e+03 3.106856e-02 4.647365e-03
5.038960e+03 3.271104e-02 4.532201e-03
5.041252e+03 3.303933e-02 4.212053e-03
5.043547e+03 3.444870e-02 4.908410e-03
5.045842e+03 3.691668e-02 4.641613e-03
5.048137e+03 3.538606e-02 4.776362e-03
5.050432e+03 3.639387e-02 4.287744e-03
5.052727e+03 3.798851e-02 4.599393e-03
5.055018e+03 4.041428e-02 4.742563e-03
5.057313e+03 4.068071e-02 4.388733e-03
5.059608e+03 3.485973e-02 4.422396e-03
5.061903e+03 3.286027e-02 4.006803e-03
5.064198e+03 3.252030e-02 4.526221e-03
5.066493e+03 3.327816e-02 4.436341e-03
5.068784e+03 3.761877e-02 4.655316e-03
5.071079e+03 4.045153e-02 4.627204e-03
5.073374e+03 3.629576e-02 4.784405e-03
5.075669e+03 3.256965e-02 4.829294e-03
5.077964e+03 3.573090e-02 5.025798e-03
5.080255e+03 3.775218e-02 5.160531e-03
5.082550e+03 3.737287e-02 4.697230e-03
5.084845e+03 3.604459e-02 5.076227e-03
5.087140e+03 3.396668e-02 5.064963e-03
5.089435e+03 3.900048e-02 5.056503e-03
5.091730e+03 3.817196e-02 5.575871e-03
5.094022e+03 3.643663e-02 5.019932e-03
5.096317e+03 3.811527e-02 5.485949e-03
5.098612e+03 3.417323e-02 4.556617e-03
5.100906e+03 2.937776e-02 4.674501e-03
5.103201e+03 3.530417e-02 4.786768e-03
5.105493e+03 4.086553e-02 4.598634e-03
5.107788e+03 3.892809e-02 4.705283e-03
5.110083e+03 4.062912e-02 4.913002e-03
5.112378e+03 4.341098e-02 4.941041e-03
5.114669e+03 4.464310e-02 4.578852e-03
5.116964e+03 4.301172e-02 5.126259e-03
5.119259e+03 4.012546e-02 4.671431e-03
5.121554e+03 4.155130e-02 5.404112e-03
5.123849e+03 3.975153e-02 4.797693e-03
5.126140e+03 3.373522e-02 5.260864e-03
5.128435e+03 4.306356e-02 4.850967e-03
5.130730e+03 4.877602e-02 4.845318e-03
5.133025e+03 4.300118e-02 4.772295e-03
5.135317e+03 3.988488e-02 5.137201e-03
5.137612e+03 3.806273e-02 4.457825e-03
5.139906e+03 3.803721e-02 4.230412e-03
5.142201e+03 4.014231e-02 4.530747e-03
5.144493e+03 4.104033e-02 4.954594e-03
5.146788e+03 4.091932e-02 4.567179e-03
5.149083e+03 4.079833e-02 5.369976e-03
5.151378e+03 4.126123e-02 4.895544e-03
5.153673e+03 4.220413e-02 4.842176e-03
5.155964e+03 4.446068e-02 4.901090e-03
5.158259e+03 4.700635e-02 4.640003e-03
5.160554e+03 4.486989e-02 4.516463e-03
5.162849e+03 4.253419e-02 4.465906e-03
5.165140e+03 3.919361e-02 4.159917e-03
5.167435e+03 3.864039e-02 4.606193e-03
5.169730e+03 3.986673e-02 5.133862e-03
5.172022e+03 3.918157e-02 4.521923e-03
5.174317e+03 4.033213e-02 4.454527e-03
5.176612e+03 4.426708e-02 5.369537e-03
5.178906e+03 4.357631e-02 4.872687e-03
5.181198e+03 4.594498e-02 4.454436e-03
5.183493e+03 4.839783e-02 4.925952e-03
5.185788e+03 4.372137e-02 4.398241e-03
5.188083e+03 4.306990e-02 4.518901e-03
5.190374e+03 4.480140e-02 4.709731e-03
5.192669e+03 4.158457e-02 4.942659e-03
5.194964e+03 3.932488e-02 4.928593e-03
5.197255e+03 4.199379e-02 4.513169e-03
5.199550e+03 4.351754e-02 4.993080e-03
5.201845e+03 4.264998e-02 4.543980e-03
5.204140e+03 4.149336e-02 4.434492e-03
5.206432e+03 4.015994e-02 4.852648e-03
5.208727e+03 3.777125e-02 5.040657e-03
5.211022e+03 3.756052e-02 5.102370e-03
5.213313e+03 4.056329e-02 4.658899e-03
5.215608e+03 3.878648e-02 5.759034e-03
5.217903e+03 3.679919e-02 4.611125e-03
5.220198e+03 4.043618e-02 4.543738e-03
5.222489e+03 3.730107e-02 5.220073e-03
5.224784e+03 3.300410e-02 5.293006e-03
5.227079e+03 3.924265e-02 4.930939e-03
5.229371e+03 4.067927e-02 5.158229e-03
5.231665e+03 3.775474e-02 4.669877e-03
5.233960e+03 3.766186e-02 4.653008e-03
5.236252e+03 3.625562e-02 4.327437e-03
5.238547e+03 3.434145e-02 4.248832e-03
5.240842e+03 3.319061e-02 4.739914e-03
5.243133e+03 3.573573e-02 4.897037e-03
5.245428e+03 3.898803e-02 6.098105e-03
5.247723e+03 4.231321e-02 4.899781e-03
5.250014e+03 4.109782e-02 4.627541e-03
5.252309e+03 3.762622e-02 4.675215e-03
5.254604e+03 3.221275e-02 4.417011e-03
5.256896e+03 2.844379e-02 4.492750e-03
5.259191e+03 2.817702e-02 4.784566e-03
5.261486e+03 2.681024e-02 5.188625e-03
5.263777e+03 3.161141e-02 4.498276e-03
5.266072e+03 3.205176e-02 4.498246e-03
5.268410e+03 2.607731e-02 4.944391e-03
5.270705e+03 2.630164e-02 4.896656e-03
5.272996e+03 2.887186e-02 5.070600e-03
5.275291e+03 3.373739e-02 4.324154e-03
5.277586e+03 3.680698e-02 4.562642e-03
5.279878e+03 3.331324e-02 4.484043e-03
5.282173e+03 3.269291e-02 4.085560e-03
5.284468e+03 3.257204e-02 3.827382e-03
5.286759e+03 3.473524e-02 4.977810e-03
5.289054e+03 3.539160e-02 4.781361e-03
5.291345e+03 3.780731e-02 4.427781e-03
5.293640e+03 3.907535e-02 4.231338e-03
5.295935e+03 3.385609e-02 4.562408e-03
5.298227e+03 3.356408e-02 4.192001e-03
5.300522e+03 3.577771e-02 4.326659e-03
5.302817e+03 3.305578e-02 4.295764e-03
5.305108e+03 2.992706e-02 4.472506e-03
5.307403e+03 3.010365e-02 4.065633e-03
5.309694e+03 3.032794e-02 4.301297e-03
5.311989e+03 3.381814e-02 4.932571e-03
5.314284e+03 3.806023e-02 4.245127e-03
5.316576e+03 3.961439e-02 4.424667e-03
5.318871e+03 3.901652e-02 4.491977e-03
5.321165e+03 3.941189e-02 4.144040e-03
5.323457e+03 3.562114e-02 3.981285e-03
5.325752e+03 3.067449e-02 4.430169e-03
5.328043e+03 3.499222e-02 4.547980e-03
5.330338e+03 4.152636e-02 4.107464e-03
5.332633e+03 3.958739e-02 4.508643e-03
5.334924e+03 3.196992e-02 4.230860e-03
5.337219e+03 3.230641e-02 4.101776e-03
5.339511e+03 3.363886e-02 4.508560e-03
5.341806e+03 3.253326e-02 4.528170e-03
5.344101e+03 2.843695e-02 4.704891e-03
5.346392e+03 2.240771e-02 4.643142e-03
5.348687e+03 2.599301e-02 4.797415e-03
5.350978e+03 3.112691e-02 5.229430e-03
5.353273e+03 3.154191e-02 4.494365e-03
5.355565e+03 3.592944e-02 4.867463e-03
5.357860e+03 3.851584e-02 4.923541e-03
5.360155e+03 3.288234e-02 4.696273e-03
5.362446e+03 3.067146e-02 4.752352e-03
5.364741e+03 3.695815e-02 4.996391e-03
5.367032e+03 3.933408e-02 5.316175e-03
5.369327e+03 3.623113e-02 4.962667e-03
5.371622e+03 3.823109e-02 4.303384e-03
5.373914e+03 3.695726e-02 4.788678e-03
5.376209e+03 3.295387e-02 5.209442e-03
5.378500e+03 -9.453804e-04 4.959742e-03
5.380795e+03 3.927092e-02 5.021428e-03
5.383086e+03 4.049659e-02 4.858692e-03
5.385381e+03 3.647363e-02 4.435073e-03
5.387673e+03 3.531206e-02 4.586527e-03
5.389968e+03 3.673689e-02 4.597720e-03
5.392263e+03 3.849552e-02 4.603305e-03
5.394554e+03 3.662703e-02 4.446187e-03
5.396849e+03 3.663242e-02 5.110980e-03
5.399140e+03 3.759436e-02 4.942643e-03
5.401435e+03 3.587740e-02 5.074454e-03
5.403727e+03 3.865426e-02 5.545677e-03
5.406022e+03 3.840998e-02 4.272137e-03
5.408313e+03 3.833400e-02 4.718119e-03
5.410608e+03 4.086675e-02 4.754556e-03
5.412899e+03 4.109933e-02 4.193522e-03
5.415194e+03 4.245669e-02 4.448753e-03
5.417486e+03 3.815639e-02 4.964846e-03
5.419781e+03 3.951097e-02 4.689930e-03
5.422072e+03 3.963135e-02 4.765634e-03
5.424367e+03 3.631567e-02 4.538406e-03
5.426662e+03 3.803488e-02 5.057290e-03
5.428953e+03 4.578463e-02 5.076894e-03
5.431248e+03 4.745327e-02 4.779546e-03
5.433540e+03 4.273519e-02 4.692568e-03
5.435835e+03 4.458614e-02 4.459734e-03
5.438126e+03 4.329002e-02 4.599952e-03
5.440421e+03 4.411440e-02 4.698094e-03
5.442712e+03 4.524728e-02 4.911231e-03
5.445007e+03 4.440839e-02 4.849499e-03
5.447299e+03 4.395655e-02 4.524116e-03
5.449594e+03 3.635539e-02 4.036060e-03
5.451885e+03 3.292496e-02 4.420286e-03
5.454180e+03 3.199360e-02 4.779268e-03
5.456471e+03 3.804319e-02 4.406211e-03
5.458766e+03 4.259499e-02 4.580078e-03
5.461058e+03 4.072964e-02 4.451036e-03
5.463353e+03 3.917281e-02 4.097623e-03
5.465644e+03 3.938012e-02 4.218197e-03
5.467935e+03 4.305116e-02 4.206955e-03
5.470230e+03 4.532267e-02 4.493003e-03
5.472522e+03 4.818029e-02 4.554677e-03
5.474817e+03 4.814357e-02 4.518192e-03
5.477108e+03 4.850508e-02 4.397568e-03
5.479403e+03 5.025203e-02 4.215247e-03
5.481694e+03 5.049573e-02 5.328626e-03
5.483989e+03 4.766849e-02 3.976815e-03
5.486281e+03 4.664456e-02 4.938737e-03
5.488576e+03 4.288067e-02 4.905057e-03
5.490867e+03 4.291970e-02 4.602145e-03
5.493162e+03 5.179276e-02 5.118138e-03
5.495453e+03 5.028647e-02 5.283571e-03
5.497748e+03 4.849137e-02 5.129297e-03
5.500040e+03 5.049623e-02 4.708608e-03
5.502331e+03 4.828891e-02 4.885258e-03
5.504626e+03 4.582077e-02 4.543095e-03
5.506917e+03 4.339194e-02 4.893615e-03
5.509212e+03 4.168944e-02 4.231760e-03
5.511504e+03 4.336900e-02 4.733715e-03
5.513799e+03 4.717702e-02 5.202008e-03
5.516090e+03 4.880326e-02 5.053351e-03
5.518385e+03 5.161006e-02 4.960779e-03
5.520676e+03 5.154529e-02 4.795300e-03
5.522968e+03 4.778447e-02 4.655060e-03
5.525263e+03 4.870960e-02 4.587734e-03
5.527554e+03 4.666786e-02 4.775590e-03
5.529849e+03 4.531597e-02 4.854083e-03
5.532140e+03 5.417136e-02 4.761517e-03
5.534432e+03 5.040785e-02 3.760400e-03
5.536727e+03 4.249425e-02 4.753049e-03
5.539018e+03 4.615901e-02 4.363249e-03
5.541313e+03 4.695515e-02 4.904420e-03
5.543604e+03 4.808775e-02 4.985713e-03
5.545899e+03 5.040927e-02 4.570679e-03
5.548191e+03 5.259615e-02 4.186494e-03
5.550482e+03 4.643253e-02 4.413600e-03
5.552777e+03 3.918941e-02 4.214488e-03
5.555068e+03 3.981169e-02 4.534124e-03
5.557363e+03 4.327723e-02 4.794875e-03
5.559655e+03 4.938133e-02 4.382659e-03
5.561946e+03 5.178687e-02 4.752760e-03
5.564241e+03 4.926021e-02 4.968641e-03
5.566532e+03 4.800657e-02 4.441470e-03
5.568827e+03 4.914189e-02 4.578838e-03
5.571119e+03 4.876871e-02 4.769482e-03
5.573410e+03 4.828337e-02 4.960120e-03
5.575705e+03 4.737184e-02 5.167584e-03
5.577996e+03 4.474435e-02 4.915204e-03
5.580288e+03 4.600024e-02 4.780594e-03
5.582583e+03 5.255818e-02 5.400217e-03
5.584874e+03 5.855250e-02 5.091767e-03
5.587169e+03 5.472497e-02 5.355297e-03
5.589460e+03 5.345456e-02 5.391718e-03
5.591752e+03 5.190658e-02 5.136545e-03
5.594047e+03 5.244462e-02 5.461755e-03
5.596338e+03 5.107049e-02 4.665457e-03
5.598629e+03 5.083469e-02 4.502816e-03
5.600924e+03 5.700824e-02 5.355125e-03
5.603216e+03 5.725746e-02 5.184069e-03
5.605507e+03 5.436373e-02 4.931709e-03
5.607802e+03 5.099343e-02 5.127941e-03
5.610094e+03 4.905582e-02 5.576499e-03
5.612385e+03 4.956301e-02 4.982094e-03
5.614680e+03 4.064438e-02 4.743759e-03
5.616971e+03 3.981989e-02 4.984846e-03
5.619263e+03 4.361575e-02 5.077336e-03
5.621558e+03 4.698545e-02 5.074506e-03
5.623849e+03 5.371380e-02 5.080086e-03
5.626140e+03 5.019504e-02 4.303473e-03
5.628435e+03 5.160214e-02 4.424003e-03
5.630727e+03 5.448391e-02 5.276254e-03
5.633018e+03 4.983817e-02 4.623007e-03
5.635313e+03 4.954636e-02 4.488413e-03
5.637604e+03 4.969189e-02 4.813595e-03
5.639896e+03 4.969723e-02 4.749088e-03
5.642191e+03 5.599354e-02 5.068657e-03
5.644482e+03 5.945550e-02 5.141521e-03
5.646820e+03 6.057656e-02 4.617252e-03
5.649112e+03 5.913808e-02 5.096613e-03
5.651403e+03 5.378046e-02 5.001270e-03
5.653698e+03 4.739127e-02 4.858270e-03
5.655989e+03 4.884035e-02 4.432132e-03
5.658281e+03 5.529904e-02 4.303154e-03
5.660576e+03 5.619303e-02 4.788111e-03
5.662867e+03 5.403417e-02 5.029173e-03
5.665158e+03 5.708950e-02 4.760027e-03
5.667450e+03 5.833107e-02 5.020711e-03
5.669745e+03 4.967982e-02 4.594584e-03
5.672036e+03 4.804805e-02 4.622592e-03
5.674327e+03 4.791605e-02 4.190867e-03
5.676622e+03 5.114513e-02 4.824379e-03
5.678914e+03 5.483111e-02 5.185970e-03
5.681205e+03 4.926366e-02 5.211171e-03
5.683496e+03 4.487359e-02 4.911204e-03
5.685791e+03 4.735419e-02 4.911179e-03
5.688083e+03 5.004778e-02 5.054115e-03
5.690374e+03 5.069224e-02 4.507473e-03
5.692665e+03 4.808508e-02 4.538283e-03
5.694960e+03 4.907434e-02 5.093280e-03
5.697252e+03 4.913575e-02 4.964310e-03
5.699543e+03 3.781940e-02 5.482858e-03
5.701838e+03 3.737632e-02 5.230553e-03
5.704129e+03 4.687572e-02 4.748398e-03
5.706421e+03 4.687828e-02 5.227695e-03
5.708712e+03 4.586614e-02 4.641836e-03
5.711007e+03 4.411963e-02 4.880068e-03
5.713299e+03 4.216851e-02 4.538075e-03
5.715590e+03 4.033232e-02 4.580097e-03
5.717881e+03 3.882131e-02 4.238110e-03
5.720176e+03 3.956671e-02 4.843530e-03
5.722468e+03 3.748672e-02 5.263949e-03
5.724759e+03 3.671012e-02 4.823862e-03
5.727050e+03 4.195982e-02 4.571574e-03
5.729342e+03 4.654515e-02 4.585566e-03
5.731637e+03 4.895263e-02 4.692051e-03
5.733928e+03 4.583556e-02 4.549081e-03
5.736219e+03 4.500008e-02 5.011531e-03
5.738511e+03 4.663672e-02 4.689179e-03
5.740806e+03 4.818646e-02 4.840508e-03
5.743097e+03 4.772376e-02 4.722764e-03
5.745388e+03 4.492911e-02 4.677898e-03
5.747680e+03 3.971008e-02 4.383579e-03
5.749971e+03 4.279574e-02 5.308477e-03
5.752266e+03 4.826094e-02 4.618967e-03
5.754558e+03 4.768331e-02 4.932854e-03
5.756849e+03 4.715336e-02 4.585290e-03
5.759140e+03 4.248379e-02 4.492777e-03
5.761432e+03 4.194825e-02 5.078521e-03
5.763727e+03 4.455456e-02 5.162577e-03
5.766018e+03 4.410590e-02 4.871072e-03
5.768309e+03 4.549581e-02 4.873852e-03
5.770601e+03 4.573662e-02 4.641207e-03
5.772892e+03 4.079533e-02 4.862593e-03
5.775187e+03 3.959001e-02 4.711227e-03
5.777478e+03 4.441311e-02 4.369284e-03
5.779770e+03 4.850469e-02 4.215119e-03
5.782061e+03 4.749552e-02 4.433700e-03
5.784353e+03 4.721783e-02 4.854066e-03
5.786644e+03 4.699621e-02 4.299134e-03
5.788939e+03 4.238018e-02 4.383190e-03
5.791230e+03 4.243042e-02 4.719473e-03
5.793522e+03 4.498051e-02 4.380343e-03
5.795813e+03 4.418718e-02 4.122493e-03
5.798104e+03 4.539484e-02 4.517622e-03
5.800396e+03 5.104161e-02 4.646517e-03
5.802691e+03 5.550851e-02 4.775406e-03
5.804982e+03 5.292436e-02 4.666088e-03
5.807273e+03 4.291100e-02 4.573584e-03
5.809565e+03 4.439326e-02 4.671648e-03
5.811856e+03 5.259571e-02 5.299367e-03
5.814147e+03 4.740542e-02 4.853758e-03
5.816442e+03 4.212548e-02 5.061112e-03
5.818734e+03 4.312294e-02 4.579080e-03
5.821025e+03 4.412035e-02 5.164751e-03
5.823317e+03 4.725878e-02 5.066645e-03
5.825608e+03 4.492422e-02 4.904084e-03
5.827899e+03 4.079058e-02 4.363213e-03
5.830191e+03 4.174876e-02 4.915246e-03
5.832482e+03 4.440794e-02 4.940444e-03
5.834777e+03 4.464591e-02 4.861956e-03
5.837068e+03 4.152959e-02 4.399559e-03
5.839360e+03 4.105301e-02 4.298656e-03
5.841651e+03 4.496194e-02 4.528420e-03
5.843942e+03 4.287686e-02 4.525595e-03
5.846234e+03 3.943555e-02 5.094422e-03
5.848525e+03 4.025640e-02 5.489510e-03
5.850817e+03 4.200196e-02 6.083546e-03
5.853112e+03 4.482077e-02 4.889792e-03
5.855403e+03 4.706229e-02 4.623563e-03
5.857694e+03 4.665012e-02 4.886943e-03
5.859986e+03 4.786045e-02 4.449788e-03
5.862277e+03 4.613972e-02 4.494601e-03
5.864568e+03 4.543896e-02 4.455350e-03
5.866860e+03 4.845940e-02 4.909269e-03
5.869151e+03 4.951836e-02 5.029734e-03
5.871442e+03 5.153561e-02 4.659839e-03
5.873734e+03 4.497298e-02 4.956835e-03
5.876025e+03 4.243970e-02 4.713034e-03
5.878320e+03 4.236948e-02 4.432807e-03
5.880612e+03 4.556918e-02 4.502838e-03
5.882903e+03 5.104408e-02 5.074426e-03
5.885194e+03 5.259054e-02 4.578449e-03
5.887486e+03 5.102398e-02 4.656884e-03
5.889777e+03 4.849638e-02 5.049136e-03
5.892068e+03 5.015771e-02 5.522642e-03
5.894360e+03 4.613110e-02 4.586769e-03
5.896651e+03 3.290580e-02 4.023564e-03
5.898942e+03 2.984594e-02 4.043157e-03
5.901234e+03 3.157457e-02 4.121592e-03
5.903525e+03 2.664312e-02 4.471808e-03
5.905817e+03 3.607970e-02 5.158246e-03
5.908108e+03 4.377905e-02 5.303920e-03
5.910399e+03 4.112829e-02 4.813573e-03
5.912691e+03 3.981966e-02 4.648241e-03
5.914982e+03 3.750237e-02 4.919997e-03
5.917277e+03 3.841557e-02 4.471686e-03
5.919568e+03 3.870958e-02 4.505285e-03
5.921860e+03 4.127586e-02 4.387591e-03
5.924151e+03 4.603027e-02 4.527658e-03
5.926442e+03 4.302656e-02 4.126988e-03
5.928734e+03 4.240159e-02 4.586455e-03
5.931025e+03 4.674968e-02 5.384927e-03
5.933317e+03 4.026068e-02 4.905808e-03
5.935608e+03 3.696569e-02 4.810529e-03
5.937899e+03 4.701800e-02 4.807704e-03
5.940191e+03 5.022290e-02 4.751648e-03
5.942482e+03 4.469501e-02 4.642361e-03
5.944773e+03 4.197997e-02 4.970134e-03
5.947065e+03 4.249811e-02 5.127004e-03
5.949356e+03 4.274725e-02 5.098965e-03
5.951647e+03 4.122860e-02 5.185793e-03
5.953939e+03 3.736779e-02 4.866384e-03
5.956230e+03 3.780186e-02 4.647840e-03
5.958522e+03 3.610114e-02 4.785094e-03
5.960813e+03 3.386251e-02 4.748654e-03
5.963104e+03 3.745116e-02 4.731824e-03
5.965396e+03 3.896103e-02 5.426585e-03
5.967687e+03 4.129454e-02 5.502201e-03
5.969978e+03 3.938370e-02 5.490970e-03
5.972270e+03 3.563232e-02 4.958661e-03
5.974561e+03 3.781451e-02 4.619657e-03
5.976853e+03 4.062984e-02 4.594423e-03
5.979144e+03 4.158496e-02 4.434720e-03
5.981435e+03 3.886735e-02 4.759669e-03
5.983727e+03 3.769619e-02 4.613972e-03
5.986018e+03 3.900988e-02 4.852073e-03
5.988309e+03 3.997901e-02 5.106980e-03
5.990601e+03 4.056151e-02 5.081745e-03
5.992888e+03 3.909622e-02 5.034099e-03
5.995180e+03 3.909044e-02 4.555041e-03
5.997471e+03 3.849638e-02 4.745516e-03
5.999763e+03 3.765299e-02 4.902369e-03
6.002054e+03 3.826631e-02 4.476542e-03
6.004345e+03 3.648731e-02 4.476523e-03
6.006637e+03 3.366063e-02 5.123610e-03
6.008928e+03 3.606680e-02 4.627755e-03
6.011219e+03 4.233593e-02 4.647343e-03
6.013511e+03 4.076703e-02 4.703349e-03
6.015802e+03 3.456204e-02 4.288742e-03
6.018094e+03 3.796540e-02 4.591259e-03
6.020385e+03 4.156764e-02 4.369940e-03
6.022676e+03 3.444114e-02 4.683658e-03
6.024968e+03 3.497043e-02 4.927344e-03
6.027259e+03 3.873507e-02 4.806870e-03
6.029547e+03 3.539310e-02 4.826458e-03
6.031838e+03 3.637055e-02 4.742402e-03
6.034129e+03 3.733679e-02 4.728374e-03
6.036421e+03 3.676239e-02 5.235363e-03
6.038712e+03 3.550452e-02 4.759146e-03
6.041004e+03 3.324104e-02 5.773137e-03
6.043295e+03 2.911486e-02 5.453785e-03
6.045586e+03 2.664695e-02 5.677850e-03
6.047878e+03 2.718465e-02 5.490150e-03
6.050169e+03 2.976994e-02 5.075566e-03
6.052460e+03 3.138323e-02 4.515329e-03
6.054748e+03 2.717310e-02 4.232403e-03
6.057040e+03 2.503858e-02 4.453668e-03
6.059331e+03 2.758742e-02 4.725349e-03
6.061622e+03 3.076926e-02 4.173528e-03
6.063914e+03 3.173267e-02 4.467616e-03
6.066205e+03 2.839375e-02 4.484404e-03
6.068496e+03 2.461229e-02 4.918537e-03
6.070788e+03 2.227337e-02 5.033357e-03
6.073076e+03 2.146100e-02 4.531962e-03
6.075367e+03 2.112199e-02 5.562694e-03
6.077658e+03 2.397886e-02 5.825960e-03
6.079950e+03 2.183605e-02 5.136906e-03
6.082241e+03 1.760377e-02 5.310539e-03
6.084532e+03 1.808825e-02 4.702720e-03
6.086824e+03 1.669053e-02 4.134119e-03
6.089115e+03 1.757274e-02 3.960446e-03
6.091403e+03 1.784995e-02 3.419861e-03
6.093694e+03 1.635982e-02 4.464569e-03
6.095986e+03 1.788061e-02 4.520566e-03
6.098277e+03 1.621684e-02 4.173244e-03
6.100568e+03 1.441864e-02 4.618559e-03
6.102860e+03 1.445219e-02 4.744576e-03
6.105147e+03 1.402921e-02 4.419661e-03
6.107439e+03 1.368185e-02 4.318816e-03
6.109730e+03 1.375461e-02 4.794930e-03
6.112022e+03 1.515214e-02 5.052581e-03
6.114313e+03 1.396735e-02 4.730470e-03
6.116604e+03 1.254732e-02 4.822877e-03
6.118892e+03 1.621062e-02 4.534380e-03
6.121183e+03 1.510147e-02 4.542765e-03
6.123475e+03 1.325574e-02 4.184256e-03
6.125766e+03 1.663052e-02 3.934976e-03
6.128058e+03 1.820164e-02 4.327056e-03
6.130345e+03 1.621589e-02 4.178601e-03
6.132637e+03 1.664712e-02 4.018946e-03
6.134928e+03 1.759087e-02 4.441828e-03
6.137219e+03 1.700827e-02 4.108534e-03
6.139511e+03 1.519619e-02 3.960085e-03
6.141799e+03 1.489086e-02 3.906856e-03
6.144090e+03 1.862120e-02 4.004860e-03
6.146381e+03 2.072997e-02 4.142072e-03
6.148673e+03 2.134881e-02 4.058038e-03
6.150964e+03 2.410168e-02 4.279268e-03
6.153252e+03 2.417160e-02 4.410876e-03
6.155543e+03 2.221392e-02 4.618097e-03
6.157835e+03 2.222503e-02 4.438845e-03
6.160126e+03 2.204571e-02 5.068944e-03
6.162417e+03 2.360550e-02 4.965305e-03
6.164705e+03 3.151122e-02 4.735644e-03
6.166996e+03 3.346583e-02 5.245312e-03
6.169288e+03 2.483182e-02 3.943069e-03
6.171579e+03 2.107069e-02 4.220299e-03
6.173867e+03 2.617584e-02 4.377107e-03
6.176158e+03 2.767396e-02 4.295878e-03
6.178450e+03 2.388207e-02 4.402277e-03
6.180741e+03 2.286822e-02 4.483470e-03
6.183029e+03 2.653386e-02 4.976325e-03
6.185320e+03 2.869007e-02 4.808280e-03
6.187612e+03 2.706852e-02 4.225781e-03
6.189903e+03 2.841819e-02 4.360183e-03
6.192191e+03 3.175611e-02 4.066125e-03
6.194482e+03 3.336339e-02 4.304141e-03
6.196773e+03 3.168864e-02 4.469342e-03
6.199065e+03 3.422842e-02 4.155689e-03
6.201353e+03 3.850998e-02 4.936960e-03
6.203644e+03 3.726087e-02 4.424484e-03
6.205935e+03 3.529213e-02 4.147237e-03
6.208223e+03 3.594445e-02 6.045813e-03
6.563633e+03 9.417556e-03 6.562902e-03
6.565921e+03 3.320062e-02 4.707363e-03
6.568212e+03 3.343000e-02 4.906049e-03
6.570500e+03 2.902481e-02 4.547808e-03
6.572788e+03 2.420824e-02 4.088816e-03
6.575079e+03 2.475110e-02 4.183953e-03
6.577367e+03 2.871946e-02 4.626123e-03
6.579655e+03 3.056085e-02 4.279079e-03
6.581942e+03 2.673225e-02 4.897554e-03
6.584234e+03 2.869677e-02 4.234271e-03
6.586522e+03 3.266508e-02 4.598073e-03
6.588809e+03 3.257821e-02 4.516900e-03
6.591097e+03 3.026928e-02 4.567259e-03
6.593388e+03 2.977664e-02 4.821913e-03
6.595676e+03 2.740057e-02 4.676371e-03
6.597964e+03 2.997794e-02 4.863857e-03
6.600255e+03 3.174649e-02 3.898350e-03
6.602543e+03 2.857006e-02 4.091434e-03
6.604831e+03 2.912409e-02 4.788250e-03
6.607119e+03 2.866783e-02 4.709873e-03
6.609410e+03 2.698584e-02 4.676277e-03
6.611698e+03 2.435238e-02 4.485964e-03
6.613986e+03 2.596981e-02 4.239683e-03
6.616273e+03 2.891370e-02 4.550298e-03
6.618565e+03 2.332790e-02 4.155702e-03
6.620853e+03 2.265620e-02 4.751757e-03
6.623140e+03 2.538459e-02 4.583834e-03
6.625428e+03 2.348718e-02 4.127677e-03
6.627716e+03 3.013053e-02 4.074493e-03
6.630007e+03 3.139813e-02 3.800235e-03
6.632295e+03 2.773211e-02 4.236773e-03
6.634583e+03 2.428721e-02 4.544583e-03
6.636871e+03 2.331329e-02 4.723662e-03
6.639162e+03 2.671603e-02 4.695665e-03
6.641450e+03 2.423100e-02 4.799186e-03
6.643737e+03 2.204541e-02 4.751598e-03
6.646025e+03 2.543133e-02 4.824340e-03
6.648313e+03 2.964272e-02 5.176913e-03
6.650604e+03 3.003159e-02 4.790730e-03
6.652892e+03 2.718562e-02 5.050957e-03
6.655180e+03 2.508120e-02 4.813083e-03
6.657468e+03 2.554844e-02 4.331763e-03
6.659755e+03 2.996684e-02 4.334545e-03
6.662043e+03 2.932594e-02 3.702120e-03
6.664335e+03 2.585320e-02 5.045277e-03
6.666622e+03 2.489611e-02 4.244960e-03
6.668910e+03 2.328983e-02 4.438025e-03
6.671198e+03 2.203615e-02 4.421220e-03
6.673486e+03 2.227952e-02 3.906331e-03
6.675777e+03 2.553938e-02 4.547113e-03
6.678065e+03 2.626403e-02 4.832516e-03
6.680353e+03 2.987363e-02 3.836339e-03
6.682640e+03 3.378820e-02 4.810098e-03
6.684928e+03 2.898361e-02 4.661779e-03
6.687216e+03 -5.876172e-04 5.173830e-03
6.689504e+03 -4.225233e-04 5.621519e-03
6.691795e+03 2.213344e-02 4.353936e-03
6.694083e+03 2.843759e-02 4.488232e-03
6.696371e+03 2.594996e-02 5.459172e-03
6.698658e+03 2.733215e-02 4.577743e-03
6.700946e+03 2.586305e-02 4.253147e-03
6.703234e+03 2.410295e-02 4.588907e-03
6.705522e+03 2.871137e-02 4.454583e-03
6.707813e+03 2.608665e-02 5.335968e-03
6.710101e+03 2.382571e-02 4.731566e-03
6.712388e+03 2.401870e-02 3.900521e-03
6.714676e+03 2.558554e-02 3.819364e-03
6.716964e+03 2.456137e-02 4.087965e-03
6.719252e+03 2.355959e-02 4.960943e-03
6.721540e+03 2.112802e-02 4.423706e-03
6.723827e+03 1.967857e-02 4.650331e-03
6.726115e+03 2.293261e-02 4.633529e-03
6.728406e+03 2.021286e-02 4.342521e-03
6.730694e+03 2.225814e-02 4.681064e-03
6.732982e+03 2.828775e-02 4.924475e-03
6.735270e+03 2.515672e-02 4.496369e-03
6.737558e+03 2.481808e-02 5.195848e-03
6.739845e+03 2.884709e-02 5.005571e-03
6.742133e+03 2.900088e-02 5.184625e-03
6.744421e+03 3.049210e-02 5.425231e-03
6.746709e+03 2.634825e-02 4.935573e-03
6.748996e+03 2.305779e-02 4.359185e-03
6.751284e+03 1.907906e-02 4.770466e-03
6.753572e+03 1.773321e-02 4.261228e-03
6.755860e+03 1.720714e-02 4.563389e-03
6.758151e+03 1.828708e-02 3.807944e-03
6.760439e+03 2.746411e-02 3.642856e-03
6.762727e+03 3.262892e-02 6.754091e-03
