6.116475e+03 8.503053e-03 4.495191e-03
6.120327e+03 9.889350e-03 3.996631e-03
6.124180e+03 1.029818e-02 3.400054e-03
6.128032e+03 1.112991e-02 3.147966e-03
6.131885e+03 9.611878e-03 3.248769e-03
6.135737e+03 9.533393e-03 3.503606e-03
6.139590e+03 1.112688e-02 3.455971e-03
6.143446e+03 1.016900e-02 4.503372e-03
6.147299e+03 1.174006e-02 3.551141e-03
6.151151e+03 1.630210e-02 4.279265e-03
6.155004e+03 1.448443e-02 4.122406e-03
6.158856e+03 1.112370e-02 3.439049e-03
6.162709e+03 1.192457e-02 3.416620e-03
6.166561e+03 1.273383e-02 3.747054e-03
6.170414e+03 1.260772e-02 4.349129e-03
6.174266e+03 1.187111e-02 3.545370e-03
6.178119e+03 1.257674e-02 3.206494e-03
6.181975e+03 1.248704e-02 3.956983e-03
6.185827e+03 1.367432e-02 3.517295e-03
6.189680e+03 1.341940e-02 3.368851e-03
6.193532e+03 1.063015e-02 3.276416e-03
6.197385e+03 1.269673e-02 2.985158e-03
6.201237e+03 1.390078e-02 3.424788e-03
6.205090e+03 1.247813e-02 3.242748e-03
6.208942e+03 1.265447e-02 3.973599e-03
6.212795e+03 1.233235e-02 3.228700e-03
6.216647e+03 1.248068e-02 3.519905e-03
6.220504e+03 1.114489e-02 3.001841e-03
6.224356e+03 1.068278e-02 3.942688e-03
6.228209e+03 9.604639e-03 3.626240e-03
6.232061e+03 1.215273e-02 3.567413e-03
6.235914e+03 1.438437e-02 3.603792e-03
6.239766e+03 1.105772e-02 3.385359e-03
6.243619e+03 1.180527e-02 3.323732e-03
6.247471e+03 1.186120e-02 3.421716e-03
6.251324e+03 1.367837e-02 3.897705e-03
6.255176e+03 1.572232e-02 3.399270e-03
6.259029e+03 1.550661e-02 3.889253e-03
6.262881e+03 1.448170e-02 3.046421e-03
6.266734e+03 1.272881e-02 3.225601e-03
6.270590e+03 1.095914e-02 3.693177e-03
6.274511e+03 1.077146e-02 3.978750e-03
6.278363e+03 1.146298e-02 3.278738e-03
6.282216e+03 1.255768e-02 3.480310e-03
6.286068e+03 1.463513e-02 3.135898e-03
6.289921e+03 1.377827e-02 3.032282e-03
6.293773e+03 1.121909e-02 2.925869e-03
6.297626e+03 8.337971e-03 3.147038e-03
6.301478e+03 9.046276e-03 2.755040e-03
6.305331e+03 1.072331e-02 3.648166e-03
6.309183e+03 1.158278e-02 3.516550e-03
6.313040e+03 1.271102e-02 3.256147e-03
6.316892e+03 1.192420e-02 3.530505e-03
6.320745e+03 1.086862e-02 3.368098e-03
6.324597e+03 1.192965e-02 3.362477e-03
6.328450e+03 1.382778e-02 3.426848e-03
6.332302e+03 1.421125e-02 3.586408e-03
6.336155e+03 1.306889e-02 3.354012e-03
6.340007e+03 1.204693e-02 3.661955e-03
6.343860e+03 1.393381e-02 2.656859e-03
6.347712e+03 1.540353e-02 3.457536e-03
6.351565e+03 1.611173e-02 3.171952e-03
6.355417e+03 1.646998e-02 3.104743e-03
6.359270e+03 1.361151e-02 3.485464e-03
6.363122e+03 1.152856e-02 4.115342e-03
6.366975e+03 1.382970e-02 3.253061e-03
6.370827e+03 1.359166e-02 3.099066e-03
6.374680e+03 1.223942e-02 2.480357e-03
6.378532e+03 1.431376e-02 3.031840e-03
6.382385e+03 1.500514e-02 3.208187e-03
6.386237e+03 1.293345e-02 3.502111e-03
6.390090e+03 1.258064e-02 2.908608e-03
6.393946e+03 1.446457e-02 3.070958e-03
6.397799e+03 1.336712e-02 3.230505e-03
6.401651e+03 1.060685e-02 3.272474e-03
6.405504e+03 1.151658e-02 3.042907e-03
6.409356e+03 1.361601e-02 3.152061e-03
6.413209e+03 1.341718e-02 3.082058e-03
6.417061e+03 1.517786e-02 2.863695e-03
6.420914e+03 1.511898e-02 2.874873e-03
6.424766e+03 1.217685e-02 3.571877e-03
6.428619e+03 1.374156e-02 3.286330e-03
6.432471e+03 1.514110e-02 3.065170e-03
6.436324e+03 1.677016e-02 3.566212e-03
6.440176e+03 1.745586e-02 3.157507e-03
6.444029e+03 1.732419e-02 2.891564e-03
6.447881e+03 1.711975e-02 3.613733e-03
6.451734e+03 1.570047e-02 2.927918e-03
6.455586e+03 1.639457e-02 3.062259e-03
6.459439e+03 1.586823e-02 3.328158e-03
6.463291e+03 1.536989e-02 2.717933e-03
6.467144e+03 1.680854e-02 2.701122e-03
6.470996e+03 1.699317e-02 3.053788e-03
6.474849e+03 1.822746e-02 2.687094e-03
6.478701e+03 1.597412e-02 3.171313e-03
6.482554e+03 1.649464e-02 3.549162e-03
6.486406e+03 1.894088e-02 3.008933e-03
6.490259e+03 1.718300e-02 2.796191e-03
6.494112e+03 1.667908e-02 3.509911e-03
6.497964e+03 1.618077e-02 3.719812e-03
6.501817e+03 1.622826e-02 3.017256e-03
6.505669e+03 1.609101e-02 3.498655e-03
6.509522e+03 1.562910e-02 3.515427e-03
6.513374e+03 1.655824e-02 3.375462e-03
6.517227e+03 1.623627e-02 3.115148e-03
6.521079e+03 1.467721e-02 2.963992e-03
6.524932e+03 1.464074e-02 3.033945e-03
6.528784e+03 1.504369e-02 3.344596e-03
6.532637e+03 1.413119e-02 3.120672e-03
6.536489e+03 1.564245e-02 2.678445e-03
6.540342e+03 1.652398e-02 2.877142e-03
6.544194e+03 1.350122e-02 2.714798e-03
6.548047e+03 1.193385e-02 2.807141e-03
6.551899e+03 1.474090e-02 2.961053e-03
6.555752e+03 1.670271e-02 3.022608e-03
6.559604e+03 1.478551e-02 2.801495e-03
6.563457e+03 1.679767e-02 2.969399e-03
6.567309e+03 1.923521e-02 3.548706e-03
6.571230e+03 1.922111e-02 3.268821e-03
6.575083e+03 1.883199e-02 3.044912e-03
6.578935e+03 1.588214e-02 2.650289e-03
6.582788e+03 1.468145e-02 3.366716e-03
6.586640e+03 1.522150e-02 3.397480e-03
6.590493e+03 1.589866e-02 3.120403e-03
6.594345e+03 1.416347e-02 2.762170e-03
6.598198e+03 1.566620e-02 3.590523e-03
6.602050e+03 1.580044e-02 3.305053e-03
6.605903e+03 1.265204e-02 3.162311e-03
6.609752e+03 1.367342e-02 2.778899e-03
6.613604e+03 1.323398e-02 3.498091e-03
6.617457e+03 1.203057e-02 2.795660e-03
6.621309e+03 1.245866e-02 2.692101e-03
6.625162e+03 1.316379e-02 2.708876e-03
6.629014e+03 1.372060e-02 2.655691e-03
6.632867e+03 1.216742e-02 2.367442e-03
6.636719e+03 1.051351e-02 2.815170e-03
6.640572e+03 1.150407e-02 2.616470e-03
6.644424e+03 1.099191e-02 2.297444e-03
6.648277e+03 1.073720e-02 2.594054e-03
6.652129e+03 1.016069e-02 2.560460e-03
6.655982e+03 1.222298e-02 2.879452e-03
6.659835e+03 1.137503e-02 2.521256e-03
6.663687e+03 9.444163e-03 2.386925e-03
6.667540e+03 1.193176e-02 2.635957e-03
6.671388e+03 1.105585e-02 2.151846e-03
6.675241e+03 9.673463e-03 2.177019e-03
6.679094e+03 1.133834e-02 2.372882e-03
6.682946e+03 1.210499e-02 2.434429e-03
6.686799e+03 1.149212e-02 2.585517e-03
6.690651e+03 1.086527e-02 2.627476e-03
6.694504e+03 1.171585e-02 2.565902e-03
6.698356e+03 1.045662e-02 2.459559e-03
6.702209e+03 9.023930e-03 2.406381e-03
6.706061e+03 9.105025e-03 2.803699e-03
6.709914e+03 7.787077e-03 2.498692e-03
6.713766e+03 8.548111e-03 2.143324e-03
6.717615e+03 1.096279e-02 2.837229e-03
6.721468e+03 1.135166e-02 2.400720e-03
6.725320e+03 1.098785e-02 1.916649e-03
6.729173e+03 1.034146e-02 1.765546e-03
6.733025e+03 1.029383e-02 2.828775e-03
6.736878e+03 1.197257e-02 2.523780e-03
6.740730e+03 1.118628e-02 2.369879e-03
6.744583e+03 8.072094e-03 2.411835e-03
6.748435e+03 6.158262e-03 2.311097e-03
6.752288e+03 6.642271e-03 2.988183e-03
6.756137e+03 7.845335e-03 2.481745e-03
6.759989e+03 7.657835e-03 2.355826e-03
6.763842e+03 7.641008e-03 2.078824e-03
6.767694e+03 9.560300e-03 2.380982e-03
6.771547e+03 9.210521e-03 2.288641e-03
6.775399e+03 7.537367e-03 1.868953e-03
6.779252e+03 7.912236e-03 1.955676e-03
6.783104e+03 7.749920e-03 2.182288e-03
6.786953e+03 8.130380e-03 2.607541e-03
6.790806e+03 1.023147e-02 2.453650e-03
6.794658e+03 1.183733e-02 2.599120e-03
6.798511e+03 9.358464e-03 2.327725e-03
6.802363e+03 8.043480e-03 2.655048e-03
6.806216e+03 8.614172e-03 2.053525e-03
6.810068e+03 7.730054e-03 2.436800e-03
6.813921e+03 6.960650e-03 2.005943e-03
6.817770e+03 9.573642e-03 2.036707e-03
6.821622e+03 1.010235e-02 2.179377e-03
6.825475e+03 9.002824e-03 2.294069e-03
6.829396e+03 9.458792e-03 2.515070e-03
6.833248e+03 8.988744e-03 2.322022e-03
6.837101e+03 8.619412e-03 2.668913e-03
6.840953e+03 9.338348e-03 2.285630e-03
6.844806e+03 8.429091e-03 2.182108e-03
6.848658e+03 3.922180e-03 3.200408e-03
6.852511e+03 2.660466e-03 1.947091e-03
6.856360e+03 5.547504e-03 2.106541e-03
6.860212e+03 5.541880e-03 2.775137e-03
6.864065e+03 7.365824e-03 2.691198e-03
6.867917e+03 8.926786e-03 2.162459e-03
6.871770e+03 9.435882e-03 2.114891e-03
6.875622e+03 8.067874e-03 2.537297e-03
6.879471e+03 7.211818e-03 2.640789e-03
6.883324e+03 8.680433e-03 2.299489e-03
6.887176e+03 7.639749e-03 2.411375e-03
6.891029e+03 7.664888e-03 2.319048e-03
6.894881e+03 8.929268e-03 2.372187e-03
6.898734e+03 8.406114e-03 2.327417e-03
6.902583e+03 7.468957e-03 2.416921e-03
6.906435e+03 7.373811e-03 2.467261e-03
6.910288e+03 7.916456e-03 2.341369e-03
6.914140e+03 7.566751e-03 2.285411e-03
6.917993e+03 8.744382e-03 1.865803e-03
6.921845e+03 8.895391e-03 2.307767e-03
6.925694e+03 6.302268e-03 2.218242e-03
6.929547e+03 6.109228e-03 2.520336e-03
6.933399e+03 8.302242e-03 2.545499e-03
6.937252e+03 1.060433e-02 2.352477e-03
6.941104e+03 9.202868e-03 2.257360e-03
6.944953e+03 6.973444e-03 2.531475e-03
6.948806e+03 7.113269e-03 2.799994e-03
6.952658e+03 6.302054e-03 2.293690e-03
6.956511e+03 4.696446e-03 2.741226e-03
6.960363e+03 4.248880e-03 2.086678e-03
6.964212e+03 6.142524e-03 2.405542e-03
6.968065e+03 7.303302e-03 2.598532e-03
6.971917e+03 6.388610e-03 3.152348e-03
6.975770e+03 7.048696e-03 2.548159e-03
6.979619e+03 7.694790e-03 2.170540e-03
6.983471e+03 6.978701e-03 2.301992e-03
6.987324e+03 5.890609e-03 2.743917e-03
6.991176e+03 4.111659e-03 2.419446e-03
6.995029e+03 3.529858e-03 2.687949e-03
6.998878e+03 4.335382e-03 2.458581e-03
7.002730e+03 4.866793e-03 2.338298e-03
7.006583e+03 4.956273e-03 2.304723e-03
7.010435e+03 5.756185e-03 2.262757e-03
7.014284e+03 4.749249e-03 2.089334e-03
7.018137e+03 4.173055e-03 2.268330e-03
7.021989e+03 5.557520e-03 2.329851e-03
7.025842e+03 6.290289e-03 2.603939e-03
7.029694e+03 6.897188e-03 2.136842e-03
7.033543e+03 6.760109e-03 2.385756e-03
7.037396e+03 5.529448e-03 2.366167e-03
7.041248e+03 6.790812e-03 2.559140e-03
7.045101e+03 8.155647e-03 2.251473e-03
7.048950e+03 8.415716e-03 2.424867e-03
7.052802e+03 7.341691e-03 2.329763e-03
7.056655e+03 6.524985e-03 2.704527e-03
7.060507e+03 7.579350e-03 2.368897e-03
7.064356e+03 7.240905e-03 2.388463e-03
7.068209e+03 6.368274e-03 2.175897e-03
7.072061e+03 5.227162e-03 2.131138e-03
7.075910e+03 4.175557e-03 2.357666e-03
7.079763e+03 4.114011e-03 2.192647e-03
7.083615e+03 5.280226e-03 2.273742e-03
7.087468e+03 6.466010e-03 2.184237e-03
7.091317e+03 6.893877e-03 2.290501e-03
7.095169e+03 5.906613e-03 2.066755e-03
7.099022e+03 5.036818e-03 1.954878e-03
7.102874e+03 5.523415e-03 2.368776e-03
7.106723e+03 5.554154e-03 2.312832e-03
7.110576e+03 7.100670e-03 1.946462e-03
7.114428e+03 7.631995e-03 1.985606e-03
7.118277e+03 6.664333e-03 2.430258e-03
7.122129e+03 6.496507e-03 2.550501e-03
7.125982e+03 5.833685e-03 2.167357e-03
7.129835e+03 5.861624e-03 2.530902e-03
7.133683e+03 7.464028e-03 2.122592e-03
7.137536e+03 7.525518e-03 2.570030e-03
7.141388e+03 7.455571e-03 2.564426e-03
7.145237e+03 8.585335e-03 2.295948e-03
7.149090e+03 8.445470e-03 2.220431e-03
7.152942e+03 7.262511e-03 2.262369e-03
7.156791e+03 7.430267e-03 1.982710e-03
7.160644e+03 7.312782e-03 2.343446e-03
7.164496e+03 5.981634e-03 2.368604e-03
7.168345e+03 7.114170e-03 2.122506e-03
7.172198e+03 8.372534e-03 2.139275e-03
7.176050e+03 8.022944e-03 2.156044e-03
7.179971e+03 6.705796e-03 2.178405e-03
7.183824e+03 6.677802e-03 2.063743e-03
7.187676e+03 7.136380e-03 2.483192e-03
7.191525e+03 7.164313e-03 2.460810e-03
7.195378e+03 7.085984e-03 2.130828e-03
7.199230e+03 5.419326e-03 2.248266e-03
7.203079e+03 5.799605e-03 2.267830e-03
7.206932e+03 8.433717e-03 2.270616e-03
7.210784e+03 8.204383e-03 2.329329e-03
7.214633e+03 7.530439e-03 2.214670e-03
7.218486e+03 6.920813e-03 2.245420e-03
7.222335e+03 6.272047e-03 2.058059e-03
7.226187e+03 5.248587e-03 2.561378e-03
7.230040e+03 4.885052e-03 2.228613e-03
7.233888e+03 6.210448e-03 1.954571e-03
7.237741e+03 7.756734e-03 2.320869e-03
7.241594e+03 7.474283e-03 2.318062e-03
7.245442e+03 8.690600e-03 2.938810e-03
7.249295e+03 8.285112e-03 2.466240e-03
7.253147e+03 8.019441e-03 2.290070e-03
7.256996e+03 9.937574e-03 2.127883e-03
7.260849e+03 8.710021e-03 2.569666e-03
7.264701e+03 9.176938e-03 2.413071e-03
7.268550e+03 8.475069e-03 2.169797e-03
7.272403e+03 7.376160e-03 2.331962e-03
7.276252e+03 8.377132e-03 2.253661e-03
7.280104e+03 8.511309e-03 2.094274e-03
7.283957e+03 8.653873e-03 2.211701e-03
7.287806e+03 7.686397e-03 2.393436e-03
7.291658e+03 8.206429e-03 2.446551e-03
7.295511e+03 8.209193e-03 2.155752e-03
7.299360e+03 6.797158e-03 1.965612e-03
7.303212e+03 5.821317e-03 1.850967e-03
7.307061e+03 5.852050e-03 1.713955e-03
7.310914e+03 7.289168e-03 1.996343e-03
7.314766e+03 8.276121e-03 2.035478e-03
7.318615e+03 8.309637e-03 1.948794e-03
7.322468e+03 8.077537e-03 1.828560e-03
7.326317e+03 7.342169e-03 2.110943e-03
7.330169e+03 6.620784e-03 2.082975e-03
7.334022e+03 9.355173e-03 1.873272e-03
7.337871e+03 1.100752e-02 2.152855e-03
7.341723e+03 9.430586e-03 2.122091e-03
7.345572e+03 7.917968e-03 2.169613e-03
7.349424e+03 8.376460e-03 1.999055e-03
7.353277e+03 8.359649e-03 2.032597e-03
7.357126e+03 7.450959e-03 2.054955e-03
7.360978e+03 7.792023e-03 1.909563e-03
7.364827e+03 9.055705e-03 1.948696e-03
7.368680e+03 1.025228e-02 2.583340e-03
7.372529e+03 9.832866e-03 2.066104e-03
7.376381e+03 9.841214e-03 2.334492e-03
7.380234e+03 1.052894e-02 2.373624e-03
7.384083e+03 1.183452e-02 2.309311e-03
7.387935e+03 1.050928e-02 2.312097e-03
7.391784e+03 9.354589e-03 1.836810e-03
7.395637e+03 1.102920e-02 1.825619e-03
7.399486e+03 1.213906e-02 1.568405e-03
7.403338e+03 1.052029e-02 2.493781e-03
7.407187e+03 9.533362e-03 2.205813e-03
7.411040e+03 8.856763e-03 2.144299e-03
7.414888e+03 7.855874e-03 1.909452e-03
7.418741e+03 6.547467e-03 2.010089e-03
7.422594e+03 7.802693e-03 1.906641e-03
7.426442e+03 8.934898e-03 1.783625e-03
7.430295e+03 8.428852e-03 1.875874e-03
7.434144e+03 7.673998e-03 2.158224e-03
7.437996e+03 7.931162e-03 1.948545e-03
7.441845e+03 7.098041e-03 2.270031e-03
7.445698e+03 5.473773e-03 1.817136e-03
7.449547e+03 6.074800e-03 1.744443e-03
7.453399e+03 9.267319e-03 1.845077e-03
7.457248e+03 9.448992e-03 1.627016e-03
7.461101e+03 7.307564e-03 2.130208e-03
7.464950e+03 5.705691e-03 1.794735e-03
7.468802e+03 7.097840e-03 2.116213e-03
7.472651e+03 8.713621e-03 1.859017e-03
7.476504e+03 1.010575e-02 1.800304e-03
7.480353e+03 1.152582e-02 1.962436e-03
7.484205e+03 1.059208e-02 2.364977e-03
7.488054e+03 9.104848e-03 2.068648e-03
7.491978e+03 7.343670e-03 2.174867e-03
7.495827e+03 6.739826e-03 1.945632e-03
7.499680e+03 6.977411e-03 1.439650e-03
7.503529e+03 7.583990e-03 1.434054e-03
7.507381e+03 8.922963e-03 1.861746e-03
7.511230e+03 8.637799e-03 1.993123e-03
7.515083e+03 7.170182e-03 1.867322e-03
7.518932e+03 7.212085e-03 2.071378e-03
7.522781e+03 7.662111e-03 2.068575e-03
7.526633e+03 6.124635e-03 1.984706e-03
7.530482e+03 5.652196e-03 1.970721e-03
7.534335e+03 8.201523e-03 2.233475e-03
7.538183e+03 8.897526e-03 2.244648e-03
7.542036e+03 7.066560e-03 2.088101e-03
7.545885e+03 7.005036e-03 2.149590e-03
7.549737e+03 6.454334e-03 1.870052e-03
7.553586e+03 5.755490e-03 1.928746e-03
7.557439e+03 6.753379e-03 2.233423e-03
7.561288e+03 8.413740e-03 1.928731e-03
7.565140e+03 6.675061e-03 1.895180e-03
7.568989e+03 6.205433e-03 1.928716e-03
7.572838e+03 6.990869e-03 1.766585e-03
7.576691e+03 7.217255e-03 1.847640e-03
7.580540e+03 7.382145e-03 1.856018e-03
7.584392e+03 7.955131e-03 1.699480e-03
7.588241e+03 7.991438e-03 1.937065e-03
7.592094e+03 6.951604e-03 2.174647e-03
7.595942e+03 6.999095e-03 1.970592e-03
7.599795e+03 5.833488e-03 2.032077e-03
7.603644e+03 5.808310e-03 2.146671e-03
7.607493e+03 6.870439e-03 2.135482e-03
7.611345e+03 8.991910e-03 2.032054e-03
7.615194e+03 9.866745e-03 2.012481e-03
7.619047e+03 8.798981e-03 2.272418e-03
7.622896e+03 6.825612e-03 1.883891e-03
7.626745e+03 5.875260e-03 1.786057e-03
7.630597e+03 6.710962e-03 1.746919e-03
7.634446e+03 7.638898e-03 2.222072e-03
7.638299e+03 8.083281e-03 2.174548e-03
7.642147e+03 8.382320e-03 2.272366e-03
7.646000e+03 9.315827e-03 2.328258e-03
7.649849e+03 7.423567e-03 1.657445e-03
7.653698e+03 7.267017e-03 2.093460e-03
7.657550e+03 8.256419e-03 2.180097e-03
7.661399e+03 7.096470e-03 2.034750e-03
7.665248e+03 5.877835e-03 1.878224e-03
7.669101e+03 5.282484e-03 2.168893e-03
7.672950e+03 6.126542e-03 1.956468e-03
7.676802e+03 6.651967e-03 2.238751e-03
7.680651e+03 6.160035e-03 2.171664e-03
7.684500e+03 7.672066e-03 2.017935e-03
7.688353e+03 8.784414e-03 1.844643e-03
7.692201e+03 7.040361e-03 2.182819e-03
7.696050e+03 8.172266e-03 1.925681e-03
7.699903e+03 9.061010e-03 1.752391e-03
7.703752e+03 8.418154e-03 1.925667e-03
7.707604e+03 8.918404e-03 2.543324e-03
7.711453e+03 8.406915e-03 2.498598e-03
7.715302e+03 5.553350e-03 2.048619e-03
7.719155e+03 5.997708e-03 1.827820e-03
7.723004e+03 7.450992e-03 2.154807e-03
7.726853e+03 6.791390e-03 2.188337e-03
7.730705e+03 8.037847e-03 2.090511e-03
7.734554e+03 7.752750e-03 2.154784e-03
7.738403e+03 7.867308e-03 2.216261e-03
7.742255e+03 9.147284e-03 1.852933e-03
7.746104e+03 8.113188e-03 1.850131e-03
7.749953e+03 8.020934e-03 2.031783e-03
7.753806e+03 9.510500e-03 1.797018e-03
7.757655e+03 8.490390e-03 2.219016e-03
7.761504e+03 7.475876e-03 2.079272e-03
7.765356e+03 6.578748e-03 1.892019e-03
7.769205e+03 6.436195e-03 1.794197e-03
7.773054e+03 7.576404e-03 2.020561e-03
7.776906e+03 7.959248e-03 2.040116e-03
7.780755e+03 7.827871e-03 2.221762e-03
7.784604e+03 7.380697e-03 2.059664e-03
7.788453e+03 6.528302e-03 1.883594e-03
7.792306e+03 6.863637e-03 2.121132e-03
7.796155e+03 7.878061e-03 2.017723e-03
7.800004e+03 9.113257e-03 2.051251e-03
7.803856e+03 8.886859e-03 1.978584e-03
7.807705e+03 7.755016e-03 2.095950e-03
7.811554e+03 6.530957e-03 2.028873e-03
7.815406e+03 5.823905e-03 1.908699e-03
7.819255e+03 6.287785e-03 1.995323e-03
7.823104e+03 6.617520e-03 2.182552e-03
7.826953e+03 7.344079e-03 1.975747e-03
7.830806e+03 7.461425e-03 2.157386e-03
7.834655e+03 6.922053e-03 2.135022e-03
7.838504e+03 7.855399e-03 2.026028e-03
7.842353e+03 7.617839e-03 2.104267e-03
7.846205e+03 6.080836e-03 1.701852e-03
7.850054e+03 6.547495e-03 1.875104e-03
7.853903e+03 8.819386e-03 2.171313e-03
7.857752e+03 1.122819e-02 1.894653e-03
7.861604e+03 1.076148e-02 1.947741e-03
7.865453e+03 9.271995e-03 1.972884e-03
7.869302e+03 7.958576e-03 2.411605e-03
7.873151e+03 7.447167e-03 2.369680e-03
7.877004e+03 7.229176e-03 1.891825e-03
7.880853e+03 8.307794e-03 2.098605e-03
7.884701e+03 8.872237e-03 2.053888e-03
7.888550e+03 7.860633e-03 1.964460e-03
7.892403e+03 7.125685e-03 2.034313e-03
7.896252e+03 6.709296e-03 1.774429e-03
7.900101e+03 6.815459e-03 2.017533e-03
7.903950e+03 6.460553e-03 2.115328e-03
7.907802e+03 6.457737e-03 1.746467e-03
7.911651e+03 5.264533e-03 1.888972e-03
7.915500e+03 5.437763e-03 2.070597e-03
7.919349e+03 6.069260e-03 2.165597e-03
7.923198e+03 4.342357e-03 2.238242e-03
7.927050e+03 4.034970e-03 1.760409e-03
7.930899e+03 5.460042e-03 2.048215e-03
7.934748e+03 7.997232e-03 1.916877e-03
7.938597e+03 8.435904e-03 1.891722e-03
7.942446e+03 6.901828e-03 1.967161e-03
7.946367e+03 6.742531e-03 1.995096e-03
7.950219e+03 6.532939e-03 1.894497e-03
7.954068e+03 6.088634e-03 1.819046e-03
7.957917e+03 6.295388e-03 2.076108e-03
7.961766e+03 6.373603e-03 2.090073e-03
7.965615e+03 6.038277e-03 1.914031e-03
7.969468e+03 7.007843e-03 2.031380e-03
7.973317e+03 6.722813e-03 1.768720e-03
7.977165e+03 6.446167e-03 1.693272e-03
7.981014e+03 7.829258e-03 1.732384e-03
7.984863e+03 8.502624e-03 1.813409e-03
7.988712e+03 7.672733e-03 1.704431e-03
7.992565e+03 6.608141e-03 1.964280e-03
7.996414e+03 6.004586e-03 2.025745e-03
8.000263e+03 5.873245e-03 1.860885e-03
8.004112e+03 6.320283e-03 1.818967e-03
8.007960e+03 6.060408e-03 1.519992e-03
8.011809e+03 6.088331e-03 1.782632e-03
8.015658e+03 5.146703e-03 1.891595e-03
8.019511e+03 5.233303e-03 2.143056e-03
8.023360e+03 6.309002e-03 1.788202e-03
8.027209e+03 6.552065e-03 1.735109e-03
8.031058e+03 6.934827e-03 1.749074e-03
8.034906e+03 6.839806e-03 1.967003e-03
8.038755e+03 1.004174e-02 2.305075e-03
8.042604e+03 1.089389e-02 1.693177e-03
8.046457e+03 8.281450e-03 1.986542e-03
8.050306e+03 7.557778e-03 1.648461e-03
8.054155e+03 7.356583e-03 1.670808e-03
8.058004e+03 5.696934e-03 1.729476e-03
8.061853e+03 6.923470e-03 1.857994e-03
8.065701e+03 7.295045e-03 1.776962e-03
8.069550e+03 7.837048e-03 2.073116e-03
8.073399e+03 7.328525e-03 1.978115e-03
8.077248e+03 5.939915e-03 1.550636e-03
8.081097e+03 6.141059e-03 2.033981e-03
8.084950e+03 5.772242e-03 1.818843e-03
8.088799e+03 4.699359e-03 1.740607e-03
8.092647e+03 4.922857e-03 2.123366e-03
8.096496e+03 5.283254e-03 1.983665e-03
8.100345e+03 6.171692e-03 2.455825e-03
8.104194e+03 7.428916e-03 2.344062e-03
8.108043e+03 6.814241e-03 1.709847e-03
8.111892e+03 5.646389e-03 1.857916e-03
8.115741e+03 5.632400e-03 1.707042e-03
8.119590e+03 6.842117e-03 1.623221e-03
8.123439e+03 5.973211e-03 1.391328e-03
8.127288e+03 5.467512e-03 2.131687e-03
8.131137e+03 6.364307e-03 2.371948e-03
8.134986e+03 4.450533e-03 2.131673e-03
8.138838e+03 3.754863e-03 1.631577e-03
8.142687e+03 3.469885e-03 1.514233e-03
8.146536e+03 2.676440e-03 1.815956e-03
8.150385e+03 2.533949e-03 1.491873e-03
8.154234e+03 3.883326e-03 1.690225e-03
8.158083e+03 4.891860e-03 1.899751e-03
8.161932e+03 4.587328e-03 1.958414e-03
8.165781e+03 3.486581e-03 2.033839e-03
8.169629e+03 4.070459e-03 1.581249e-03
8.173478e+03 4.673889e-03 1.578450e-03
8.177327e+03 3.810618e-03 1.871785e-03
8.181176e+03 3.645778e-03 1.882953e-03
8.185025e+03 3.534019e-03 1.977933e-03
8.188874e+03 3.006003e-03 1.690178e-03
8.192723e+03 3.656918e-03 1.790745e-03
8.196572e+03 4.352529e-03 1.595183e-03
8.200421e+03 3.648516e-03 1.860575e-03
8.204270e+03 3.425013e-03 1.748823e-03
8.208119e+03 3.025510e-03 1.368883e-03
8.211968e+03 2.276809e-03 1.603544e-03
8.215817e+03 2.533815e-03 1.927599e-03
8.219665e+03 2.614822e-03 1.835404e-03
8.223514e+03 2.514244e-03 1.832605e-03
8.227363e+03 3.003114e-03 1.776727e-03
8.231212e+03 2.156649e-03 1.896846e-03
8.235061e+03 2.729327e-03 1.692909e-03
8.238910e+03 4.117722e-03 1.782298e-03
8.242759e+03 4.969748e-03 1.832577e-03
8.246608e+03 3.553399e-03 1.801842e-03
8.250457e+03 1.405153e-03 1.729204e-03
8.254306e+03 3.173456e-03 1.673328e-03
8.258155e+03 3.880210e-03 1.701259e-03
8.262004e+03 3.343842e-03 1.698460e-03
8.265853e+03 3.575694e-03 1.229145e-03
8.269698e+03 2.771154e-03 1.704037e-03
8.273547e+03 3.687411e-03 1.455410e-03
8.277396e+03 6.092592e-03 1.595080e-03
8.281245e+03 5.251737e-03 1.771065e-03
8.285094e+03 4.486311e-03 1.293376e-03
8.288942e+03 4.491885e-03 1.488914e-03
8.292791e+03 4.410859e-03 1.606235e-03
8.296640e+03 4.491857e-03 1.868814e-03
8.300489e+03 4.095176e-03 1.840874e-03
8.304338e+03 3.461056e-03 1.812934e-03
8.308187e+03 4.324212e-03 1.960980e-03
8.312036e+03 3.204042e-03 1.734708e-03
8.315885e+03 1.815711e-03 1.547545e-03
8.319734e+03 2.634170e-03 1.583854e-03
8.323579e+03 3.609054e-03 1.681618e-03
8.327428e+03 3.120203e-03 1.486077e-03
8.331277e+03 3.893954e-03 1.863177e-03
8.335126e+03 5.251517e-03 1.804511e-03
8.338975e+03 3.561525e-03 1.430196e-03
8.342824e+03 2.703957e-03 1.405052e-03
8.346673e+03 3.731897e-03 1.762595e-03
8.350522e+03 4.072672e-03 1.405044e-03
8.354371e+03 4.444169e-03 1.469286e-03
8.358216e+03 4.173205e-03 1.804479e-03
8.362065e+03 4.600569e-03 1.673188e-03
8.365914e+03 5.921784e-03 1.678770e-03
8.369763e+03 6.851930e-03 1.751391e-03
8.373683e+03 6.139624e-03 1.949708e-03
8.377532e+03 5.446876e-03 1.812832e-03
8.381381e+03 7.265274e-03 1.558640e-03
8.385230e+03 7.340671e-03 1.717851e-03
8.389076e+03 4.259699e-03 1.650808e-03
8.392924e+03 3.145186e-03 1.849123e-03
8.396773e+03 5.058538e-03 1.689904e-03
8.400622e+03 5.432815e-03 1.759729e-03
8.404471e+03 5.173030e-03 1.748551e-03
8.408320e+03 5.396472e-03 1.776478e-03
8.412165e+03 5.474665e-03 1.849096e-03
8.416014e+03 6.142221e-03 1.829539e-03
8.419863e+03 6.295830e-03 1.692667e-03
8.423712e+03 5.681314e-03 2.025050e-03
8.427561e+03 6.801356e-03 1.639588e-03
8.431410e+03 7.628112e-03 1.558581e-03
8.435255e+03 5.837680e-03 1.930066e-03
8.439104e+03 6.407464e-03 1.712195e-03
8.442953e+03 8.091704e-03 1.656328e-03
8.446802e+03 7.519091e-03 1.988705e-03
8.450651e+03 6.237030e-03 1.818319e-03
8.454496e+03 7.323529e-03 1.843452e-03
8.458345e+03 8.912783e-03 1.745688e-03
8.462194e+03 7.935176e-03 1.661890e-03
8.466043e+03 7.901636e-03 1.977504e-03
8.469892e+03 7.116758e-03 1.932809e-03
8.473737e+03 6.960328e-03 1.829460e-03
8.477586e+03 7.932294e-03 1.930005e-03
8.481435e+03 8.233921e-03 1.888104e-03
8.485284e+03 7.974144e-03 1.807100e-03
8.489133e+03 7.125037e-03 1.592031e-03
8.492978e+03 6.393244e-03 1.594820e-03
8.496827e+03 6.940659e-03 1.902048e-03
8.500676e+03 7.792507e-03 1.483090e-03
8.504525e+03 6.717178e-03 1.804282e-03
8.508371e+03 7.063491e-03 1.899239e-03
8.512219e+03 7.960021e-03 1.860131e-03
8.516068e+03 8.236506e-03 1.329460e-03
8.519917e+03 9.540802e-03 1.784711e-03
8.523763e+03 8.862084e-03 1.818221e-03
8.527612e+03 8.714032e-03 1.706498e-03
8.531460e+03 9.881460e-03 1.667392e-03
8.535309e+03 1.120529e-02 1.857307e-03
8.539155e+03 9.794824e-03 1.795858e-03
8.543004e+03 7.747582e-03 1.228888e-03
8.546853e+03 8.711119e-03 1.840534e-03
8.550698e+03 8.415046e-03 1.927110e-03
8.554547e+03 6.929197e-03 1.798631e-03
8.558396e+03 7.194504e-03 1.907549e-03
8.562245e+03 7.512872e-03 1.818171e-03
8.566090e+03 7.789346e-03 1.890781e-03
8.569939e+03 8.378623e-03 1.661760e-03
8.573788e+03 7.370375e-03 2.019242e-03
8.577633e+03 7.038004e-03 1.890765e-03
8.581482e+03 8.599188e-03 1.896346e-03
8.585331e+03 9.397918e-03 1.617056e-03
8.589176e+03 8.872840e-03 1.644980e-03
8.593025e+03 9.945261e-03 1.907502e-03
8.596874e+03 1.043398e-02 1.781820e-03
8.600723e+03 1.061548e-02 1.681273e-03
8.604568e+03 1.039482e-02 1.818116e-03
8.608417e+03 8.467763e-03 1.770634e-03
8.612266e+03 7.177471e-03 1.745494e-03
8.616112e+03 6.903757e-03 1.725940e-03
8.619960e+03 7.560043e-03 1.393595e-03
8.623809e+03 8.409022e-03 1.544400e-03
8.627655e+03 8.696655e-03 1.806916e-03
8.631504e+03 9.336171e-03 1.809704e-03
8.635349e+03 8.587690e-03 1.890688e-03
8.639198e+03 7.529219e-03 1.806901e-03
8.643047e+03 6.138421e-03 2.114097e-03
8.646892e+03 8.492669e-03 1.966077e-03
8.650741e+03 1.205056e-02 1.982827e-03
8.654590e+03 9.495204e-03 1.823638e-03
8.658435e+03 7.235887e-03 1.938134e-03
8.662284e+03 8.325016e-03 2.047044e-03
8.666133e+03 9.003617e-03 1.756599e-03
8.669978e+03 7.883730e-03 1.549936e-03
8.673827e+03 7.839025e-03 1.862711e-03
8.677673e+03 8.341685e-03 1.670012e-03
8.681522e+03 7.604401e-03 1.611362e-03
8.685371e+03 7.551320e-03 1.505237e-03
8.689216e+03 7.939477e-03 1.762156e-03
8.693065e+03 8.422583e-03 1.873857e-03
8.696910e+03 8.051141e-03 1.723050e-03
8.700759e+03 8.425329e-03 2.027441e-03
8.704608e+03 9.304980e-03 1.575033e-03
8.708453e+03 9.369187e-03 1.750962e-03
8.712302e+03 9.031255e-03 1.845906e-03
8.716147e+03 9.835498e-03 1.516376e-03
8.719996e+03 9.824303e-03 1.661586e-03
8.723845e+03 7.417076e-03 1.678337e-03
8.727691e+03 7.942060e-03 1.692296e-03
8.731540e+03 9.346696e-03 1.762105e-03
8.735385e+03 9.324331e-03 1.681117e-03
8.739234e+03 8.559150e-03 2.046936e-03
8.743079e+03 8.416709e-03 1.901718e-03
8.746928e+03 8.991949e-03 1.898921e-03
8.750773e+03 9.125967e-03 1.753705e-03
8.754622e+03 9.117566e-03 1.630829e-03
8.758471e+03 8.726590e-03 1.845848e-03
8.762317e+03 8.586942e-03 1.817918e-03
8.766165e+03 8.614845e-03 1.742517e-03
8.770011e+03 8.681843e-03 1.951949e-03
8.773860e+03 8.997370e-03 1.736923e-03
8.777705e+03 1.018136e-02 1.946354e-03
8.781554e+03 1.052480e-02 2.027330e-03
8.785399e+03 9.022434e-03 1.840230e-03
8.789248e+03 7.905430e-03 1.633584e-03
8.793094e+03 7.564730e-03 1.720146e-03
8.796942e+03 8.430367e-03 1.848593e-03
8.800788e+03 9.390940e-03 1.736891e-03
8.804637e+03 9.575218e-03 1.555379e-03
8.808482e+03 8.916183e-03 1.658695e-03
8.812331e+03 8.259944e-03 1.946309e-03
8.816176e+03 8.765348e-03 1.817853e-03
8.820025e+03 9.298672e-03 1.731284e-03
8.823871e+03 8.614514e-03 1.840183e-03
8.827719e+03 8.215181e-03 1.664258e-03
8.831565e+03 8.357572e-03 1.714517e-03
8.835414e+03 8.781989e-03 1.770360e-03
8.839259e+03 9.960342e-03 1.703339e-03
8.843108e+03 9.577767e-03 1.714504e-03
8.846953e+03 7.611932e-03 1.544167e-03
8.850802e+03 7.106500e-03 1.803850e-03
8.854647e+03 9.281706e-03 1.742414e-03
8.858493e+03 9.803848e-03 1.736825e-03
8.862342e+03 8.636634e-03 1.739613e-03
8.866187e+03 8.318291e-03 1.932278e-03
8.870036e+03 8.968875e-03 1.734020e-03
8.873881e+03 7.835183e-03 1.778692e-03
8.877730e+03 7.304628e-03 1.722842e-03
8.881576e+03 6.944404e-03 1.703292e-03
8.885424e+03 7.039324e-03 1.552505e-03
8.889270e+03 7.997054e-03 1.918288e-03
8.893115e+03 7.153771e-03 1.538536e-03
8.896964e+03 7.712204e-03 1.879187e-03
8.900809e+03 8.404663e-03 1.742362e-03
8.904658e+03 6.860534e-03 1.485472e-03
8.908504e+03 7.053180e-03 1.809367e-03
8.912349e+03 9.496360e-03 1.834493e-03
8.916198e+03 1.107953e-02 1.781436e-03
8.920043e+03 1.060482e-02 1.856821e-03
8.923892e+03 9.448822e-03 1.820518e-03
8.927737e+03 8.569258e-03 1.761877e-03
8.931583e+03 8.253720e-03 1.820509e-03
8.935432e+03 6.740335e-03 1.834466e-03
8.939277e+03 6.553241e-03 1.680891e-03
8.943126e+03 9.694419e-03 1.809327e-03
8.946971e+03 9.624591e-03 1.898672e-03
8.950817e+03 8.222904e-03 1.840032e-03
8.954665e+03 8.432296e-03 1.773016e-03
8.958511e+03 8.560713e-03 1.474252e-03
8.962356e+03 8.035771e-03 1.789760e-03
8.966205e+03 7.323757e-03 1.731121e-03
8.970050e+03 7.979890e-03 1.772998e-03
8.973896e+03 7.577805e-03 1.929353e-03
8.977745e+03 7.555451e-03 1.778574e-03
8.981590e+03 7.069604e-03 1.605459e-03
8.985435e+03 6.586557e-03 1.837199e-03
8.989284e+03 6.421806e-03 1.605452e-03
8.993129e+03 6.960661e-03 1.608240e-03
8.996975e+03 7.024863e-03 1.597067e-03
9.000824e+03 8.024409e-03 1.725499e-03
9.004669e+03 1.012681e-02 2.144304e-03
9.008514e+03 9.950888e-03 1.976776e-03
9.012363e+03 8.850797e-03 1.853921e-03
9.016209e+03 7.546891e-03 1.786907e-03
9.020054e+03 8.119240e-03 1.742230e-03
9.023903e+03 8.328624e-03 1.948836e-03
9.027748e+03 8.487749e-03 1.879031e-03
9.031594e+03 9.249950e-03 1.834354e-03
9.035442e+03 7.920929e-03 1.895774e-03
9.039288e+03 7.169862e-03 1.853890e-03
9.043133e+03 7.102839e-03 1.809213e-03
9.046978e+03 7.248005e-03 2.007440e-03
9.050827e+03 7.158645e-03 1.731029e-03
9.054673e+03 7.703063e-03 1.719857e-03
9.058518e+03 7.940361e-03 1.694726e-03
9.062363e+03 6.164653e-03 2.007421e-03
9.066212e+03 6.064128e-03 1.739389e-03
9.070058e+03 7.376330e-03 1.686338e-03
9.073903e+03 7.513120e-03 1.644455e-03
9.077752e+03 7.957019e-03 1.884557e-03
9.081597e+03 9.459058e-03 2.004606e-03
9.085442e+03 9.777316e-03 1.848253e-03
9.089288e+03 8.386918e-03 1.856625e-03
9.093133e+03 8.741471e-03 1.817534e-03
9.096982e+03 8.400838e-03 2.049257e-03
9.100827e+03 7.800560e-03 1.669555e-03
9.104673e+03 8.090898e-03 1.859399e-03
9.108518e+03 7.767023e-03 1.909649e-03
9.112367e+03 7.205835e-03 1.650000e-03
9.116212e+03 7.761401e-03 1.770046e-03
9.120058e+03 8.582191e-03 1.663951e-03
9.123903e+03 7.697153e-03 1.792373e-03
9.127748e+03 5.963395e-03 1.770034e-03
9.131669e+03 5.664653e-03 1.619270e-03
9.135514e+03 6.689244e-03 1.666728e-03
9.139360e+03 6.312332e-03 1.987785e-03
9.143205e+03 6.692005e-03 1.856564e-03
9.147054e+03 7.680295e-03 1.901229e-03
9.150899e+03 7.105163e-03 1.515954e-03
9.154745e+03 6.351360e-03 1.552244e-03
9.158590e+03 6.005161e-03 1.574575e-03
9.162435e+03 5.899060e-03 1.716953e-03
9.166284e+03 6.823129e-03 1.499190e-03
9.170129e+03 7.219546e-03 1.588523e-03
9.173975e+03 7.180443e-03 1.605270e-03
9.177820e+03 6.527154e-03 2.010073e-03
9.181665e+03 5.337847e-03 1.845355e-03
9.185511e+03 5.932481e-03 1.691804e-03
9.189360e+03 7.043583e-03 1.529878e-03
9.193205e+03 7.155236e-03 1.306536e-03
9.197050e+03 7.060302e-03 1.627582e-03
9.200896e+03 6.295352e-03 1.588494e-03
9.204741e+03 5.714657e-03 1.778328e-03
9.208586e+03 8.048520e-03 1.588487e-03
9.212432e+03 9.042350e-03 1.432148e-03
9.216277e+03 7.800021e-03 1.471228e-03
9.220126e+03 7.540377e-03 1.398641e-03
9.223971e+03 7.685527e-03 1.836933e-03
9.227817e+03 7.088091e-03 1.652678e-03
9.231662e+03 6.164027e-03 1.736424e-03
9.235507e+03 5.873681e-03 1.479587e-03
9.239353e+03 5.622417e-03 1.552167e-03
9.243198e+03 5.884821e-03 1.730829e-03
9.247043e+03 6.222596e-03 1.499118e-03
9.250888e+03 5.837336e-03 1.563323e-03
9.254734e+03 7.051687e-03 1.529820e-03
9.258583e+03 7.769121e-03 1.524233e-03
9.262428e+03 6.794826e-03 1.446064e-03
9.266273e+03 6.699895e-03 1.741973e-03
9.270119e+03 5.703273e-03 1.683345e-03
9.273964e+03 4.768070e-03 1.680549e-03
9.277809e+03 4.918807e-03 1.521424e-03
9.281655e+03 5.449200e-03 1.300885e-03
9.285500e+03 6.931524e-03 1.714038e-03
9.289345e+03 7.294414e-03 1.501873e-03
9.293191e+03 5.248170e-03 1.719613e-03
9.297036e+03 4.692634e-03 1.764274e-03
9.300881e+03 5.412849e-03 1.568861e-03
9.304727e+03 6.013023e-03 1.538150e-03
9.308572e+03 5.689189e-03 1.420902e-03
9.312417e+03 3.707177e-03 1.697262e-03
9.316263e+03 4.561380e-03 1.499059e-03
9.320108e+03 7.411530e-03 1.789375e-03
9.323953e+03 7.333351e-03 1.722374e-03
9.327799e+03 6.286514e-03 1.713996e-03
9.331644e+03 6.752684e-03 1.540918e-03
9.335489e+03 5.817511e-03 1.504625e-03
9.339335e+03 5.471351e-03 1.641406e-03
9.343180e+03 5.192189e-03 1.705606e-03
9.347025e+03 5.482494e-03 1.660939e-03
9.350871e+03 7.246704e-03 1.624646e-03
9.354716e+03 7.121070e-03 1.711178e-03
9.358561e+03 6.674419e-03 1.504606e-03
9.362406e+03 5.504778e-03 1.510185e-03
9.366252e+03 5.390317e-03 1.496225e-03
9.370097e+03 6.347774e-03 1.490638e-03
9.373942e+03 7.254983e-03 1.574379e-03
9.377788e+03 7.453161e-03 1.496215e-03
9.381633e+03 7.366608e-03 1.577163e-03
9.385478e+03 7.324722e-03 1.814432e-03
9.389324e+03 6.967403e-03 1.741851e-03
9.393169e+03 6.799902e-03 1.565987e-03
9.397014e+03 6.735684e-03 1.688806e-03
9.400860e+03 7.316284e-03 2.015398e-03
9.404705e+03 7.076209e-03 1.529689e-03
9.408550e+03 6.780306e-03 1.493398e-03
9.412396e+03 6.392288e-03 1.473855e-03
9.416241e+03 5.954026e-03 1.685997e-03
9.420086e+03 6.115914e-03 1.300783e-03
9.423932e+03 6.344791e-03 1.602249e-03
9.427773e+03 6.093557e-03 1.529669e-03
9.431619e+03 5.803242e-03 1.577119e-03
9.435464e+03 5.814395e-03 1.644109e-03
9.439309e+03 5.680396e-03 1.496163e-03
9.443155e+03 5.990224e-03 1.780877e-03
9.447000e+03 7.204445e-03 1.526862e-03
9.450845e+03 6.791312e-03 1.510111e-03
9.454691e+03 6.252570e-03 1.306341e-03
9.458536e+03 7.014588e-03 1.652462e-03
9.462378e+03 7.240671e-03 1.697119e-03
9.466223e+03 7.087132e-03 1.683159e-03
9.470068e+03 6.967091e-03 1.136060e-03
9.473914e+03 5.884053e-03 1.404022e-03
9.477759e+03 5.789139e-03 1.420767e-03
9.481604e+03 6.205027e-03 1.666397e-03
9.485450e+03 5.657923e-03 1.563116e-03
9.489295e+03 6.489710e-03 1.638478e-03
9.493137e+03 6.523192e-03 1.571484e-03
9.496982e+03 7.229368e-03 1.390048e-03
9.500827e+03 7.821099e-03 1.817108e-03
9.504673e+03 6.997663e-03 1.512858e-03
9.508518e+03 6.830176e-03 1.420743e-03
9.512363e+03 5.956503e-03 1.574259e-03
9.516205e+03 5.194486e-03 1.373287e-03
9.520050e+03 4.954427e-03 1.325833e-03
9.523896e+03 6.068115e-03 1.666359e-03
9.527741e+03 6.497950e-03 1.791960e-03
9.531586e+03 5.557298e-03 1.939891e-03
9.535428e+03 6.567703e-03 1.777997e-03
9.539273e+03 7.963288e-03 1.604939e-03
9.543119e+03 6.726774e-03 1.540738e-03
9.546964e+03 5.543298e-03 1.362099e-03
9.550809e+03 5.973127e-03 1.451414e-03
9.554651e+03 3.807163e-03 1.602135e-03
9.558496e+03 3.349402e-03 1.733316e-03
9.562342e+03 5.292047e-03 1.417911e-03
9.566187e+03 5.604644e-03 1.320218e-03
9.570032e+03 7.310027e-03 1.649571e-03
9.573874e+03 9.233114e-03 1.557460e-03
9.577719e+03 8.258985e-03 1.786330e-03
9.581565e+03 5.861383e-03 1.884016e-03
9.585410e+03 3.921538e-03 1.613273e-03
9.589252e+03 5.420363e-03 1.501625e-03
9.593097e+03 6.380495e-03 1.515577e-03
9.596942e+03 5.819469e-03 1.696997e-03
9.600788e+03 6.092987e-03 1.484869e-03
9.604629e+03 6.327427e-03 1.395551e-03
9.608475e+03 5.222141e-03 1.588133e-03
9.612320e+03 4.058244e-03 1.523935e-03
9.616165e+03 5.933846e-03 1.571381e-03
9.620007e+03 8.197397e-03 1.295060e-03
9.623853e+03 7.823379e-03 1.526717e-03
9.627698e+03 5.506777e-03 1.420653e-03
9.631540e+03 4.644326e-03 1.415068e-03
9.635385e+03 4.465689e-03 1.730455e-03
9.639230e+03 4.708503e-03 1.339704e-03
9.643072e+03 5.428581e-03 1.311791e-03
9.646917e+03 5.107602e-03 1.677415e-03
9.650763e+03 4.848025e-03 1.744396e-03
9.654608e+03 5.481579e-03 1.537857e-03
9.658450e+03 6.932900e-03 1.261542e-03
9.662295e+03 7.594357e-03 1.660655e-03
9.666140e+03 5.704827e-03 1.579712e-03
9.669982e+03 4.231166e-03 1.576918e-03
9.673827e+03 4.387452e-03 1.557378e-03
9.677673e+03 5.241487e-03 1.523883e-03
9.681514e+03 6.673257e-03 1.719249e-03
9.685360e+03 6.020151e-03 1.724828e-03
9.689205e+03 4.524175e-03 1.484801e-03
9.693047e+03 5.263774e-03 1.632719e-03
9.696892e+03 5.590308e-03 1.269890e-03
9.700734e+03 5.380974e-03 1.521074e-03
9.704579e+03 6.288024e-03 1.537817e-03
9.708424e+03 6.449886e-03 1.855982e-03
9.712266e+03 6.525230e-03 1.956453e-03
9.716112e+03 6.670346e-03 1.557344e-03
9.719957e+03 5.498139e-03 1.766661e-03
9.723799e+03 5.272064e-03 1.398255e-03
9.727644e+03 6.857298e-03 1.716418e-03
9.731486e+03 6.343757e-03 1.655014e-03
9.735331e+03 4.953868e-03 1.599193e-03
9.739176e+03 5.165968e-03 1.825253e-03
9.743018e+03 4.923149e-03 1.939677e-03
9.746863e+03 5.341776e-03 1.638256e-03
9.750705e+03 6.675811e-03 1.565690e-03
9.754550e+03 7.549343e-03 1.867102e-03
9.758396e+03 6.494377e-03 1.548938e-03
9.762237e+03 6.067361e-03 1.833604e-03
9.766083e+03 5.545458e-03 1.557305e-03
9.769924e+03 5.065419e-03 1.515439e-03
9.773770e+03 1.040153e-02 1.741495e-03
9.777612e+03 1.203974e-02 1.660557e-03
9.781457e+03 7.144569e-03 1.663345e-03
9.785299e+03 5.523076e-03 1.367513e-03
9.789144e+03 6.117515e-03 1.546123e-03
9.792989e+03 5.154665e-03 1.738688e-03
9.796831e+03 5.188144e-03 1.568444e-03
9.800676e+03 6.999378e-03 1.780544e-03
9.804518e+03 7.482175e-03 1.752632e-03
9.808363e+03 7.420762e-03 1.574017e-03
9.812205e+03 7.443075e-03 1.540524e-03
9.816050e+03 6.304415e-03 1.548893e-03
9.819892e+03 5.386231e-03 1.892158e-03
9.823737e+03 6.100663e-03 1.936807e-03
9.827579e+03 5.274580e-03 1.719122e-03
9.831424e+03 4.027091e-03 1.638186e-03
9.835266e+03 5.369445e-03 1.627020e-03
9.839112e+03 6.589000e-03 1.733066e-03
9.842953e+03 5.785249e-03 1.638177e-03
9.846799e+03 4.557304e-03 1.537707e-03
9.850640e+03 4.534970e-03 1.668869e-03
9.854486e+03 5.419629e-03 1.947941e-03
9.858327e+03 6.301493e-03 1.978635e-03
9.862173e+03 6.499623e-03 1.878165e-03
9.866014e+03 5.595414e-03 1.752578e-03
9.869856e+03 5.673544e-03 1.546062e-03
9.873701e+03 4.024217e-03 1.777689e-03
9.877543e+03 3.343275e-03 1.677219e-03
9.881388e+03 3.946063e-03 2.196288e-03
9.885230e+03 4.755360e-03 1.710701e-03
9.889076e+03 4.956281e-03 1.568373e-03
9.892917e+03 3.898600e-03 1.850230e-03
9.896763e+03 4.671612e-03 2.090226e-03
9.900604e+03 4.908810e-03 1.984176e-03
9.904446e+03 5.249266e-03 1.534873e-03
9.908291e+03 5.179488e-03 1.621381e-03
9.912133e+03 4.437161e-03 1.546030e-03
9.915978e+03 4.663197e-03 1.437191e-03
9.919820e+03 4.858534e-03 1.833462e-03
9.923662e+03 5.148752e-03 1.763692e-03
9.927507e+03 6.415695e-03 1.624156e-03
9.931349e+03 6.373826e-03 1.495784e-03
9.935194e+03 5.065004e-03 2.017630e-03
9.939036e+03 5.503124e-03 1.769260e-03
9.942878e+03 5.835198e-03 1.752513e-03
9.946723e+03 6.828650e-03 1.682744e-03
9.950565e+03 7.556988e-03 1.783203e-03
9.954410e+03 6.189573e-03 1.604601e-03
9.958252e+03 4.702170e-03 1.668782e-03
9.962094e+03 6.541168e-03 1.866912e-03
9.965939e+03 8.154118e-03 1.652032e-03
9.969781e+03 7.489943e-03 1.674354e-03
9.973622e+03 6.859258e-03 1.766440e-03
9.977468e+03 5.385819e-03 1.897594e-03
9.981309e+03 5.536501e-03 1.763643e-03
9.985151e+03 5.798802e-03 2.182225e-03
9.988996e+03 4.847211e-03 1.707825e-03
9.992838e+03 4.841620e-03 1.677126e-03
9.996680e+03 6.476877e-03 1.596197e-03
1.000053e+04 6.942886e-03 1.696654e-03
1.000437e+04 5.678756e-03 1.685488e-03
1.000821e+04 4.752288e-03 1.710600e-03
1.001205e+04 5.302013e-03 1.691063e-03
1.001590e+04 5.793136e-03 1.621297e-03
1.001974e+04 5.162468e-03 1.836165e-03
1.002358e+04 5.698238e-03 1.774770e-03
1.002742e+04 6.521430e-03 1.833367e-03
1.003127e+04 6.870231e-03 1.635238e-03
1.003511e+04 7.143688e-03 1.691045e-03
1.003895e+04 5.932601e-03 2.171008e-03
1.004279e+04 5.491690e-03 1.699410e-03
1.004664e+04 6.507418e-03 1.811027e-03
1.005048e+04 4.188515e-03 2.210063e-03
1.005432e+04 3.622040e-03 1.604525e-03
1.005817e+04 5.700938e-03 1.629637e-03
1.006201e+04 6.192050e-03 1.707767e-03
1.006585e+04 5.360479e-03 1.685440e-03
1.006969e+04 4.953065e-03 1.894721e-03
1.007354e+04 5.837627e-03 1.576606e-03
1.007738e+04 6.044112e-03 1.889133e-03
1.008122e+04 5.887834e-03 1.604505e-03
1.008506e+04 4.788392e-03 2.095619e-03
1.008891e+04 4.152166e-03 1.531948e-03
1.009275e+04 4.947430e-03 1.665886e-03
1.009659e+04 4.428401e-03 1.699368e-03
1.010043e+04 5.896155e-03 1.908646e-03
1.010428e+04 6.401209e-03 1.841673e-03
1.010812e+04 5.951941e-03 1.771909e-03
1.011196e+04 6.763937e-03 1.512399e-03
1.011580e+04 7.190856e-03 1.783065e-03
1.011964e+04 7.168522e-03 1.637961e-03
1.012349e+04 6.833663e-03 1.788639e-03
1.012733e+04 6.083038e-03 1.813750e-03
1.013117e+04 7.109886e-03 2.045348e-03
1.013501e+04 7.779563e-03 1.964423e-03
1.013886e+04 6.984294e-03 1.939307e-03
1.014270e+04 6.233675e-03 1.836060e-03
1.014654e+04 5.078454e-03 1.557021e-03
1.015038e+04 5.282142e-03 1.649100e-03
1.015423e+04 5.946237e-03 1.713275e-03
1.015807e+04 5.494189e-03 1.877902e-03
1.016191e+04 5.061677e-03 1.861157e-03
1.016575e+04 6.264302e-03 1.889057e-03
1.016959e+04 6.467984e-03 1.799763e-03
1.017344e+04 4.763085e-03 1.863937e-03
1.017728e+04 4.238496e-03 1.554208e-03
1.018112e+04 4.369635e-03 1.476077e-03
1.018496e+04 4.001307e-03 1.710461e-03
1.018881e+04 5.153695e-03 1.679764e-03
1.019265e+04 4.542609e-03 1.816486e-03
1.019649e+04 3.049793e-03 1.506760e-03
1.020033e+04 4.246823e-03 3.381834e-03
1.079653e+04 4.742313e-05 3.238719e-03
1.080037e+04 4.242967e-03 1.908080e-03
1.080421e+04 4.212275e-03 1.949921e-03
1.080804e+04 3.576245e-03 1.938760e-03
1.081188e+04 4.312689e-03 1.896913e-03
1.081572e+04 4.563743e-03 1.693272e-03
1.081956e+04 3.857976e-03 1.827168e-03
1.082340e+04 5.609818e-03 2.128439e-03
1.082724e+04 6.167722e-03 1.751845e-03
1.083108e+04 5.930599e-03 2.334860e-03
1.083492e+04 5.484262e-03 1.885738e-03
1.083876e+04 4.340539e-03 1.877367e-03
1.084260e+04 4.731068e-03 2.078211e-03
1.084644e+04 4.267998e-03 1.888519e-03
1.085028e+04 4.775687e-03 2.058678e-03
1.085412e+04 4.275237e-02 1.974989e-03
1.085796e+04 4.572316e-02 1.938723e-03
1.086179e+04 1.460595e-02 2.092143e-03
1.086564e+04 4.496708e-03 1.913611e-03
1.086947e+04 2.901097e-03 1.751816e-03
1.087331e+04 2.873197e-03 1.578864e-03
1.087715e+04 2.329239e-03 1.958235e-03
1.088099e+04 1.707177e-03 2.385026e-03
1.088483e+04 3.880196e-03 1.634647e-03
1.088867e+04 4.195401e-03 1.988911e-03
1.089251e+04 3.082389e-03 2.125593e-03
1.089635e+04 3.207912e-03 2.002852e-03
1.090019e+04 3.860644e-03 1.754585e-03
1.090403e+04 2.106057e-03 1.684846e-03
1.090787e+04 2.736476e-03 1.969370e-03
1.091171e+04 3.313893e-03 1.779683e-03
1.091554e+04 3.620730e-03 2.198100e-03
1.091938e+04 5.043351e-03 1.852204e-03
1.092322e+04 4.940132e-03 1.821517e-03
1.092706e+04 3.972184e-03 2.072565e-03
1.093090e+04 3.765760e-03 1.988879e-03
1.093474e+04 5.238582e-03 1.829877e-03
1.093858e+04 6.546825e-03 1.743402e-03
1.094242e+04 5.866192e-03 1.841030e-03
1.094626e+04 5.051669e-03 1.905184e-03
1.095009e+04 4.569088e-03 1.910760e-03
1.095393e+04 3.715517e-03 1.933073e-03
1.095777e+04 3.715512e-03 2.159014e-03
1.096161e+04 3.824293e-03 1.969330e-03
1.096545e+04 4.315224e-03 2.005590e-03
1.096929e+04 4.435165e-03 1.804749e-03
1.097313e+04 3.193873e-03 1.718275e-03
1.097696e+04 4.663881e-03 1.651327e-03
1.098081e+04 4.552300e-03 1.651324e-03
1.098464e+04 2.610874e-03 1.910736e-03
1.098848e+04 3.603895e-03 1.704318e-03
1.099232e+04 3.994401e-03 1.623424e-03
1.099616e+04 4.362596e-03 1.693156e-03
1.100000e+04 4.694525e-03 1.787992e-03
1.100384e+04 4.206379e-03 1.938616e-03
1.100768e+04 3.425349e-03 2.312389e-03
1.101151e+04 3.726596e-03 1.829825e-03
1.101535e+04 4.987381e-03 2.080865e-03
1.101919e+04 4.267720e-03 1.877239e-03
1.102303e+04 4.038987e-03 1.748926e-03
1.102687e+04 3.718206e-03 1.801921e-03
1.103071e+04 2.836768e-03 1.983226e-03
1.103455e+04 1.648502e-03 1.762865e-03
1.103838e+04 5.913399e-04 1.983221e-03
1.104222e+04 1.863276e-03 2.139420e-03
1.104606e+04 2.864643e-03 2.047370e-03
1.104990e+04 3.397402e-03 1.651282e-03
1.105374e+04 2.588493e-03 2.175673e-03
1.105758e+04 2.200774e-03 2.052940e-03
1.106141e+04 2.898100e-03 1.974836e-03
1.106525e+04 4.524264e-03 1.924625e-03
1.106909e+04 5.082121e-03 1.849311e-03
1.107293e+04 3.213280e-03 1.930199e-03
1.107677e+04 4.301102e-03 2.055714e-03
1.108060e+04 5.263402e-03 1.815832e-03
1.108444e+04 6.206178e-03 2.139388e-03
1.108828e+04 7.040164e-03 1.924609e-03
1.109212e+04 6.496246e-03 2.234217e-03
1.109596e+04 5.860279e-03 1.863240e-03
1.109980e+04 4.125342e-03 1.944126e-03
1.110364e+04 3.640001e-03 1.734928e-03
1.110747e+04 2.906418e-03 1.804657e-03
1.111131e+04 2.895259e-03 2.326248e-03
1.111515e+04 3.207650e-03 2.097525e-03
1.111899e+04 3.330373e-03 1.832542e-03
1.112283e+04 3.667868e-03 2.024998e-03
1.112667e+04 3.235531e-03 1.799066e-03
1.113050e+04 2.702780e-03 2.225818e-03
1.113434e+04 2.593995e-03 1.785115e-03
1.113818e+04 2.605149e-03 1.921785e-03
1.114201e+04 2.451737e-03 1.930150e-03
1.114585e+04 3.271768e-03 1.835314e-03
1.114969e+04 3.726407e-03 2.356897e-03
1.115353e+04 3.107195e-03 1.807416e-03
1.115737e+04 1.999870e-03 2.203483e-03
1.116121e+04 4.273077e-03 2.005446e-03
1.116504e+04 4.772340e-03 2.105855e-03
1.116888e+04 3.171329e-03 2.209052e-03
1.117272e+04 3.003973e-03 1.684679e-03
1.117656e+04 3.054175e-03 1.958018e-03
1.118040e+04 2.797564e-03 1.720934e-03
1.118423e+04 1.620521e-03 2.019375e-03
1.118807e+04 1.004108e-03 2.061210e-03
1.119191e+04 3.628728e-03 2.228559e-03
1.119574e+04 4.836441e-03 2.136513e-03
1.119958e+04 4.362273e-03 2.289915e-03
1.120342e+04 4.967518e-03 1.963578e-03
1.120726e+04 5.477929e-03 2.027726e-03
1.121110e+04 3.121075e-03 1.935681e-03
1.121494e+04 7.949113e-04 1.799009e-03
1.121877e+04 2.231327e-03 2.390309e-03
1.122261e+04 3.333039e-03 2.016559e-03
1.122645e+04 3.589636e-03 2.175538e-03
1.123028e+04 2.613431e-03 2.114173e-03
1.123412e+04 1.338789e-03 2.451657e-03
1.123796e+04 1.040349e-03 2.036072e-03
1.124180e+04 1.581440e-03 2.158791e-03
1.124564e+04 1.098918e-03 1.849195e-03
1.124947e+04 3.190762e-03 2.050009e-03
1.125331e+04 5.352328e-03 2.267558e-03
1.125715e+04 5.307696e-03 1.955174e-03
1.126099e+04 5.885038e-03 2.086259e-03
1.126482e+04 3.957753e-03 1.910542e-03
1.126866e+04 2.783531e-03 2.306594e-03
1.127250e+04 3.572845e-03 1.983054e-03
1.127633e+04 2.331689e-03 1.924480e-03
1.128010e+04 1.977471e-03 2.278693e-03
1.128394e+04 1.673457e-03 1.983046e-03
1.128777e+04 7.084291e-04 2.169913e-03
1.129161e+04 3.405475e-03 2.621742e-03
1.129545e+04 4.390018e-03 2.033242e-03
1.129928e+04 2.833704e-03 1.924465e-03
1.130312e+04 4.699593e-03 2.250784e-03
1.130696e+04 4.794416e-03 1.996976e-03
1.131079e+04 3.533750e-03 2.264724e-03
1.131463e+04 2.192205e-03 2.245197e-03
1.131847e+04 2.122476e-03 2.353968e-03
1.132231e+04 1.896559e-03 2.351176e-03
1.132614e+04 1.143512e-03 2.089001e-03
1.132998e+04 2.496200e-03 2.493411e-03
1.133382e+04 3.293864e-03 3.346856e-03
