2.159315e+03 -9.362292e-03 4.317426e-02
2.175028e+03 9.879447e-03 1.959969e-02
2.191088e+03 3.067043e-03 1.620615e-02
2.207479e+03 2.550932e-03 1.525931e-02
2.224215e+03 8.823261e-03 1.534530e-02
2.241309e+03 9.955116e-03 1.400363e-02
2.258774e+03 6.611707e-03 1.292302e-02
2.276622e+03 5.604055e-03 1.139867e-02
2.294866e+03 3.445788e-03 1.070965e-02
2.313519e+03 1.171159e-03 1.068178e-02
2.332594e+03 3.160126e-03 1.088744e-02
2.352102e+03 -2.173039e-03 1.010434e-02
2.372057e+03 -2.707851e-03 1.014868e-02
2.392482e+03 7.158094e-03 1.008640e-02
2.413425e+03 1.088467e-02 9.062881e-03
2.434858e+03 4.821293e-03 8.943557e-03
2.456794e+03 8.030733e-03 8.076740e-03
2.479245e+03 1.538133e-02 6.796869e-03
2.502266e+03 1.126045e-02 7.437070e-03
2.525882e+03 1.023576e-02 7.040133e-03
2.550053e+03 1.112617e-02 5.972032e-03
2.574844e+03 8.998146e-03 5.263499e-03
2.600288e+03 1.079994e-02 5.475944e-03
2.626336e+03 1.061984e-02 5.407347e-03
2.653127e+03 4.571201e-03 4.619893e-03
2.680551e+03 -5.439212e-04 4.838037e-03
2.708756e+03 2.492208e-03 5.276270e-03
2.737671e+03 4.409953e-03 4.984790e-03
2.767356e+03 2.512587e-03 4.544953e-03
2.797865e+03 4.022696e-03 4.571246e-03
2.829173e+03 6.824869e-03 4.263402e-03
2.861316e+03 6.750090e-03 4.195618e-03
2.894347e+03 4.772612e-03 4.065136e-03
2.928294e+03 3.065142e-03 4.051689e-03
2.963163e+03 2.507880e-03 3.679174e-03
2.998983e+03 1.159313e-03 3.785570e-03
3.035782e+03 3.501824e-04 3.632787e-03
3.073585e+03 1.721585e-03 3.722036e-03
3.112427e+03 2.286723e-03 3.222459e-03
3.152350e+03 3.658655e-03 3.408489e-03
3.193347e+03 4.500745e-03 3.344304e-03
3.235433e+03 5.856067e-03 3.217714e-03
3.278679e+03 5.441630e-03 3.233184e-03
3.323062e+03 3.399031e-03 2.945068e-03
3.368623e+03 3.082628e-03 2.872769e-03
3.415359e+03 3.857845e-03 2.692839e-03
3.463321e+03 3.722887e-03 2.898411e-03
3.512481e+03 3.494618e-03 2.817783e-03
3.562857e+03 4.812122e-03 2.782538e-03
3.614464e+03 4.925977e-03 2.835055e-03
3.667309e+03 4.553323e-03 2.726338e-03
3.721374e+03 5.498379e-03 2.685583e-03
3.776658e+03 6.445491e-03 2.438605e-03
3.833155e+03 6.092567e-03 2.095821e-03
3.890845e+03 5.833160e-03 2.013089e-03
3.949701e+03 6.440454e-03 1.969954e-03
4.009694e+03 5.729836e-03 1.904303e-03
4.070824e+03 4.213260e-03 2.177133e-03
4.133022e+03 4.868556e-03 2.091759e-03
4.196273e+03 6.075762e-03 1.905017e-03
4.260518e+03 7.124426e-03 1.724060e-03
4.325734e+03 5.801251e-03 1.729111e-03
4.391849e+03 5.602289e-03 1.798926e-03
4.458824e+03 8.575266e-03 1.736442e-03
4.526608e+03 1.029167e-02 1.676828e-03
4.595137e+03 8.269160e-03 1.721335e-03
4.664356e+03 5.674286e-03 1.639301e-03
4.734205e+03 5.827333e-03 1.664149e-03
4.804629e+03 7.630010e-03 1.610312e-03
4.875568e+03 8.889567e-03 1.581804e-03
4.946968e+03 8.418288e-03 1.502764e-03
5.018763e+03 8.933005e-03 1.505215e-03
5.090906e+03 9.843430e-03 1.662096e-03
5.163338e+03 8.667945e-03 1.734712e-03
5.236007e+03 1.029100e-02 1.661378e-03
5.308860e+03 1.353523e-02 1.750825e-03
5.381853e+03 1.623123e-02 1.669129e-03
5.454939e+03 1.692373e-02 1.635157e-03
5.528072e+03 1.641870e-02 1.615230e-03
5.601216e+03 1.533920e-02 1.600929e-03
5.674331e+03 1.295665e-02 1.648315e-03
5.747378e+03 1.336936e-02 1.642442e-03
5.820324e+03 1.500946e-02 1.664605e-03
5.893144e+03 1.342691e-02 1.597108e-03
5.965802e+03 1.073830e-02 1.459601e-03
6.038281e+03 1.034464e-02 1.439790e-03
6.110550e+03 1.029004e-02 1.436796e-03
6.182586e+03 9.123735e-03 1.447812e-03
6.254378e+03 9.408204e-03 1.428031e-03
6.325903e+03 1.034498e-02 1.399862e-03
6.397144e+03 1.205981e-02 1.458487e-03
6.468086e+03 1.418577e-02 1.517105e-03
6.538723e+03 1.420663e-02 1.466563e-03
6.609036e+03 1.218183e-02 1.463611e-03
6.679022e+03 9.427169e-03 1.429885e-03
6.748665e+03 6.835361e-03 1.446534e-03
6.817968e+03 6.098928e-03 1.387646e-03
6.886914e+03 7.290075e-03 1.348356e-03
6.955500e+03 8.486623e-03 1.297888e-03
7.023723e+03 8.471914e-03 1.247433e-03
7.091583e+03 6.740057e-03 1.264110e-03
7.159076e+03 6.113106e-03 1.224858e-03
7.226194e+03 7.404508e-03 1.272300e-03
7.292942e+03 8.088985e-03 1.255428e-03
7.359317e+03 8.647565e-03 1.283296e-03
7.425317e+03 8.188468e-03 1.280409e-03
7.490939e+03 7.097679e-03 1.263549e-03
7.556194e+03 8.165002e-03 1.280237e-03
7.621076e+03 9.081268e-03 1.215867e-03
7.685583e+03 8.823564e-03 1.252125e-03
7.749723e+03 8.364689e-03 1.307943e-03
7.813493e+03 8.174162e-03 1.265947e-03
7.876899e+03 7.751733e-03 1.237930e-03
7.939939e+03 6.910224e-03 1.181975e-03
8.002622e+03 6.264408e-03 1.162352e-03
8.064939e+03 5.654990e-03 1.254492e-03
8.126906e+03 4.796996e-03 1.285159e-03
8.188518e+03 4.229637e-03 1.162172e-03
8.249777e+03 4.293679e-03 1.187257e-03
8.310694e+03 4.882887e-03 1.217928e-03
8.371263e+03 5.868688e-03 1.136866e-03
8.431496e+03 6.630953e-03 1.203850e-03
8.491388e+03 6.929514e-03 1.170281e-03
8.550946e+03 7.797811e-03 1.203745e-03
8.610176e+03 8.914598e-03 1.184145e-03
8.669079e+03 9.623573e-03 1.178511e-03
8.727655e+03 1.025989e-02 1.206389e-03
8.785914e+03 1.044658e-02 1.172832e-03
8.843856e+03 1.058859e-02 1.200711e-03
8.901486e+03 1.041787e-02 1.223004e-03
8.958802e+03 9.331342e-03 1.239712e-03
9.015813e+03 8.292367e-03 1.203371e-03
9.072522e+03 7.119460e-03 1.164241e-03
9.128932e+03 6.853990e-03 1.192120e-03
9.185043e+03 5.815229e-03 1.169746e-03
9.240867e+03 5.192495e-03 1.108291e-03
9.296399e+03 5.516151e-03 1.083131e-03
9.351644e+03 5.697424e-03 1.102637e-03
9.406608e+03 6.797061e-03 1.091438e-03
9.461288e+03 7.279752e-03 1.083031e-03
9.515694e+03 7.153932e-03 1.077416e-03
9.569827e+03 6.894147e-03 1.099714e-03
9.623694e+03 6.215721e-03 1.119220e-03
9.677291e+03 6.999818e-03 1.202919e-03
9.730626e+03 7.144753e-03 1.133113e-03
9.783698e+03 5.344467e-03 1.054939e-03
9.836514e+03 4.599190e-03 1.029794e-03
9.889076e+03 5.079071e-03 1.063256e-03
9.941381e+03 4.791508e-03 1.141367e-03
9.993442e+03 5.006263e-03 1.124595e-03
1.004526e+04 5.653533e-03 1.082710e-03
1.009683e+04 4.908354e-03 1.060361e-03
1.014816e+04 4.405975e-03 1.085449e-03
1.019926e+04 4.958350e-03 1.102166e-03
1.025012e+04 5.708808e-03 1.157945e-03
1.030074e+04 5.301318e-03 1.093745e-03
1.035114e+04 4.988710e-03 1.107672e-03
1.040131e+04 5.546609e-03 1.157869e-03
1.045126e+04 5.685992e-03 1.121574e-03
1.050098e+04 5.504528e-03 1.090862e-03
1.055049e+04 5.574161e-03 1.074100e-03
1.059977e+04 5.043985e-03 1.051760e-03
1.064885e+04 4.550096e-03 1.057319e-03
1.069771e+04 4.145500e-03 1.068457e-03
1.074636e+04 4.262585e-03 1.054488e-03
1.079481e+04 4.661418e-03 1.071205e-03
1.084305e+04 4.354481e-03 1.090712e-03
1.089108e+04 4.772824e-03 1.076745e-03
1.093891e+04 4.510531e-03 1.090672e-03
1.098655e+04 4.334718e-03 1.068338e-03
1.103399e+04 5.257914e-03 1.085055e-03
1.108124e+04 5.020733e-03 1.029250e-03
1.112829e+04 3.882634e-03 1.004129e-03
1.117515e+04 3.056966e-03 9.985340e-04
1.122183e+04 3.193583e-03 1.009674e-03
1.126831e+04 3.670467e-03 1.062651e-03
1.131462e+04 3.804285e-03 1.071001e-03
1.136073e+04 3.840481e-03 1.076562e-03
1.140668e+04 3.625670e-03 1.059811e-03
1.145244e+04 3.681393e-03 1.062584e-03
1.149802e+04 4.342304e-03 1.084879e-03
1.154343e+04 4.696424e-03 1.104384e-03
1.158866e+04 4.414684e-03 1.065325e-03
1.163373e+04 3.940528e-03 1.026266e-03
1.167862e+04 3.385515e-03 1.034618e-03
1.172335e+04 2.587902e-03 1.006716e-03
1.176790e+04 2.214187e-03 1.006702e-03
1.181229e+04 2.150018e-03 1.009477e-03
1.185653e+04 2.941943e-03 1.009463e-03
1.190059e+04 3.728269e-03 9.871410e-04
1.194450e+04 3.268118e-03 9.146270e-04
1.198825e+04 2.180576e-03 1.028942e-03
1.203184e+04 1.837571e-03 1.112581e-03
1.207527e+04 2.213980e-03 9.508403e-04
1.211856e+04 3.042093e-03 1.026114e-03
1.216169e+04 4.193630e-03 1.070714e-03
1.220466e+04 3.914749e-03 1.056759e-03
1.224749e+04 3.156298e-03 1.079053e-03
1.229017e+04 2.732451e-03 9.842401e-04
1.233270e+04 2.275157e-03 9.619228e-04
1.237509e+04 2.272342e-03 1.003734e-03
1.241733e+04 2.640347e-03 9.758409e-04
1.245943e+04 2.684926e-03 1.026015e-03
1.250139e+04 3.741566e-03 1.034368e-03
1.254562e+04 5.325118e-03 9.618669e-04
1.258729e+04 5.369667e-03 1.070588e-03
1.262882e+04 3.473796e-03 9.311780e-04
1.267021e+04 3.133630e-03 9.395316e-04
1.271147e+04 3.303657e-03 8.558847e-04
1.275260e+04 3.125201e-03 9.060570e-04
1.279359e+04 3.242256e-03 9.004720e-04
1.283445e+04 3.526580e-03 9.171893e-04
1.287517e+04 4.053435e-03 1.037055e-03
1.291577e+04 3.582264e-03 1.131828e-03
1.295624e+04 3.649131e-03 1.059335e-03
1.299658e+04 3.111070e-03 9.756938e-04
1.303680e+04 2.430848e-03 9.282940e-04
1.307689e+04 2.678924e-03 9.394354e-04
1.311685e+04 2.503279e-03 9.199131e-04
1.315669e+04 2.492104e-03 8.864530e-04
1.319641e+04 3.431490e-03 9.198956e-04
1.323601e+04 4.128342e-03 1.000725e-03
1.327549e+04 3.799376e-03 9.867785e-04
1.331485e+04 3.147071e-03 8.724827e-04
1.335409e+04 2.787459e-03 8.947744e-04
1.339322e+04 3.286385e-03 9.310031e-04
1.343222e+04 3.216671e-03 9.086955e-04
1.347112e+04 2.907243e-03 8.585146e-04
1.350989e+04 3.464689e-03 8.668691e-04
1.354855e+04 3.578941e-03 8.807982e-04
1.358710e+04 3.052106e-03 9.114514e-04
1.362554e+04 2.489049e-03 8.863580e-04
1.366387e+04 1.956660e-03 9.839048e-04
1.370209e+04 2.140602e-03 9.811093e-04
1.374020e+04 2.514072e-03 8.584637e-04
1.377820e+04 2.107121e-03 8.723926e-04
1.381609e+04 1.569179e-03 8.584495e-04
1.385387e+04 2.140533e-03 8.668043e-04
1.389155e+04 3.302748e-03 9.002430e-04
1.392913e+04 4.007862e-03 8.640034e-04
1.396660e+04 3.756992e-03 8.890804e-04
1.400396e+04 2.998881e-03 9.420277e-04
1.404123e+04 2.748025e-03 9.448077e-04
1.407839e+04 2.731282e-03 9.057821e-04
1.411545e+04 2.984878e-03 9.197105e-04
1.415241e+04 2.951412e-03 9.001946e-04
1.418927e+04 2.591873e-03 8.946140e-04
1.422604e+04 2.120861e-03 8.806729e-04
1.426270e+04 2.290848e-03 8.583711e-04
1.429926e+04 2.993129e-03 8.834470e-04
1.433573e+04 3.472451e-03 9.196701e-04
1.437210e+04 3.857014e-03 9.057293e-04
1.440838e+04 3.480763e-03 8.834284e-04
1.444456e+04 2.262898e-03 8.416200e-04
1.448065e+04 2.374355e-03 8.834162e-04
1.451664e+04 3.444462e-03 8.806234e-04
1.455254e+04 3.617219e-03 9.419260e-04
1.458835e+04 3.455562e-03 8.889717e-04
1.462407e+04 2.828528e-03 9.001126e-04
1.465970e+04 2.204286e-03 9.028934e-04
1.469523e+04 2.758823e-03 8.360069e-04
1.473068e+04 2.781098e-03 8.722281e-04
1.476604e+04 2.652894e-03 8.387827e-04
1.480131e+04 3.029074e-03 9.223765e-04
1.483649e+04 3.168385e-03 9.418768e-04
1.487158e+04 3.382932e-03 8.972853e-04
1.490659e+04 3.441429e-03 9.390784e-04
1.494151e+04 3.463702e-03 8.666219e-04
1.497635e+04 2.964887e-03 8.638300e-04
1.501110e+04 2.925858e-03 8.443191e-04
1.504576e+04 3.034515e-03 9.028309e-04
1.508035e+04 2.661106e-03 9.167578e-04
1.511484e+04 2.984322e-03 9.836279e-04
1.514926e+04 3.126413e-03 9.529709e-04
1.518359e+04 2.563533e-03 9.111686e-04
1.521785e+04 3.073435e-03 9.390276e-04
1.525202e+04 3.981788e-03 8.888666e-04
1.528611e+04 3.970621e-03 9.083664e-04
1.532012e+04 3.761618e-03 9.585162e-04
1.535405e+04 3.725375e-03 1.017025e-03
1.538790e+04 3.889748e-03 9.612918e-04
1.542168e+04 3.733693e-03 9.389956e-04
1.545537e+04 3.716955e-03 9.222725e-04
1.548899e+04 3.845104e-03 9.278400e-04
1.552253e+04 3.558094e-03 9.334075e-04
1.555599e+04 3.128987e-03 8.888222e-04
1.558938e+04 2.816910e-03 8.776724e-04
1.562269e+04 2.847543e-03 9.138889e-04
1.565593e+04 3.053710e-03 9.584637e-04
1.568909e+04 3.020259e-03 9.083069e-04
1.572218e+04 3.410312e-03 9.640262e-04
1.575519e+04 3.588610e-03 9.445178e-04
1.578813e+04 2.825181e-03 9.751609e-04
1.582100e+04 2.293009e-03 9.194327e-04
1.585379e+04 2.836295e-03 9.556478e-04
1.588651e+04 3.243056e-03 8.915621e-04
1.591917e+04 4.207038e-03 9.890717e-04
1.595174e+04 4.700157e-03 9.472753e-04
1.598425e+04 3.688782e-03 9.138374e-04
1.601669e+04 3.816923e-03 9.862709e-04
1.604906e+04 3.906061e-03 9.444753e-04
1.608136e+04 3.633007e-03 9.779034e-04
1.611359e+04 3.669208e-03 9.918287e-04
1.614575e+04 3.418449e-03 9.193874e-04
1.617784e+04 3.671960e-03 9.500291e-04
1.620986e+04 3.585577e-03 9.360947e-04
1.624182e+04 2.724692e-03 8.943007e-04
1.627371e+04 2.457226e-03 9.137982e-04
1.630553e+04 3.136988e-03 9.277238e-04
1.633729e+04 3.880822e-03 9.722947e-04
1.636898e+04 3.666286e-03 9.611466e-04
1.640060e+04 3.669055e-03 9.750717e-04
1.643216e+04 3.710827e-03 9.527802e-04
1.646365e+04 3.312428e-03 9.862067e-04
1.649508e+04 3.418277e-03 1.011275e-03
1.652645e+04 3.242753e-03 1.033558e-03
1.655775e+04 2.797000e-03 1.086484e-03
1.658899e+04 3.267795e-03 1.019619e-03
1.662016e+04 4.437834e-03 9.527549e-04
1.665127e+04 4.638391e-03 9.527508e-04
1.668232e+04 4.287360e-03 1.008463e-03
1.671331e+04 3.671682e-03 9.471710e-04
1.674423e+04 2.674354e-03 9.276665e-04
1.677509e+04 2.994708e-03 9.471632e-04
1.680589e+04 4.317932e-03 9.917314e-04
1.683663e+04 4.167484e-03 9.610841e-04
1.686732e+04 3.454317e-03 9.805802e-04
1.689794e+04 3.393018e-03 1.005648e-03
1.692849e+04 4.323431e-03 9.582866e-04
1.695900e+04 4.473843e-03 9.053543e-04
1.698944e+04 3.919472e-03 9.749930e-04
1.701982e+04 4.289951e-03 9.722033e-04
1.705014e+04 4.393006e-03 9.471285e-04
1.708041e+04 3.877641e-03 1.013981e-03
1.711061e+04 3.565631e-03 9.610493e-04
1.714076e+04 3.568402e-03 1.011187e-03
1.717086e+04 3.089261e-03 9.303998e-04
1.720089e+04 3.002895e-03 9.721805e-04
1.723087e+04 3.456938e-03 9.276070e-04
1.726079e+04 4.142181e-03 9.526740e-04
1.729065e+04 4.239661e-03 9.638127e-04
1.732046e+04 3.520967e-03 1.013949e-03
1.735022e+04 3.470813e-03 1.041801e-03
1.737991e+04 3.128178e-03 1.058511e-03
1.740955e+04 3.710344e-03 1.005581e-03
1.743914e+04 4.724265e-03 1.002792e-03
1.746867e+04 4.242352e-03 1.061284e-03
1.749815e+04 3.649022e-03 1.128133e-03
1.752758e+04 3.217255e-03 1.069633e-03
1.755695e+04 2.799421e-03 1.027847e-03
1.758627e+04 3.799398e-03 1.011130e-03
1.761553e+04 4.774302e-03 1.086334e-03
1.764474e+04 4.465097e-03 1.055691e-03
1.767390e+04 3.295192e-03 9.749087e-04
1.770300e+04 2.866222e-03 1.019472e-03
1.773206e+04 2.944203e-03 1.005542e-03
1.776105e+04 3.320226e-03 9.916113e-04
1.779001e+04 4.203190e-03 1.016677e-03
1.781890e+04 4.030483e-03 1.022244e-03
1.784775e+04 3.281195e-03 1.038953e-03
1.787655e+04 2.938582e-03 1.025022e-03
1.790529e+04 3.072270e-03 9.943796e-04
1.793398e+04 3.871662e-03 1.041727e-03
1.796263e+04 5.411951e-03 1.133641e-03
1.799122e+04 5.297735e-03 1.077930e-03
1.801977e+04 4.228146e-03 9.525862e-04
1.804826e+04 3.554083e-03 9.553684e-04
1.807670e+04 2.966368e-03 9.887893e-04
1.810510e+04 2.885584e-03 1.022210e-03
1.813344e+04 3.389715e-03 1.047274e-03
1.816174e+04 3.818639e-03 1.052841e-03
1.818999e+04 3.754565e-03 1.036126e-03
1.821819e+04 3.267131e-03 1.061190e-03
1.824635e+04 3.523364e-03 1.102966e-03
1.827445e+04 4.158391e-03 1.116889e-03
1.830251e+04 2.938441e-03 1.100174e-03
1.833052e+04 2.490006e-03 1.013828e-03
1.835848e+04 3.517751e-03 1.139160e-03
1.838640e+04 3.475959e-03 1.102949e-03
1.841427e+04 3.473165e-03 1.128013e-03
1.844209e+04 3.985633e-03 1.189284e-03
1.846987e+04 3.849146e-03 1.180924e-03
1.849759e+04 3.634675e-03 1.158639e-03
1.852528e+04 3.478692e-03 1.119643e-03
1.855292e+04 3.261438e-03 1.105714e-03
1.858051e+04 3.915944e-03 1.127992e-03
1.860806e+04 3.734897e-03 1.100137e-03
1.863556e+04 2.971753e-03 1.108489e-03
1.866458e+04 3.974396e-03 1.236602e-03
1.869199e+04 4.230615e-03 1.286731e-03
1.871935e+04 3.403421e-03 1.125190e-03
1.874667e+04 3.005141e-03 1.049989e-03
1.877395e+04 2.952215e-03 1.083407e-03
1.880118e+04 2.553937e-03 1.091759e-03
1.882837e+04 3.236276e-03 1.038839e-03
1.885551e+04 4.355871e-03 1.080613e-03
1.888262e+04 4.035576e-03 1.111246e-03
1.890968e+04 3.539821e-03 1.008195e-03
1.893669e+04 3.871233e-03 1.044398e-03
1.896367e+04 4.177578e-03 1.083386e-03
1.899060e+04 3.798801e-03 1.077812e-03
1.901749e+04 3.236215e-03 1.136295e-03
1.904433e+04 2.988336e-03 1.515056e-03
