3.524079e+03 -1.747124e-03 1.552874e-02
3.526377e+03 -2.469142e-03 6.104897e-03
3.528674e+03 -2.415292e-03 6.739031e-03
3.530971e+03 -5.728057e-03 6.871971e-03
3.533268e+03 -7.531545e-03 5.977103e-03
3.535565e+03 -2.502913e-03 6.296920e-03
3.537863e+03 3.598571e-03 6.540281e-03
3.540160e+03 7.239462e-03 7.587701e-03
3.542457e+03 1.178618e-02 5.917152e-03
3.544754e+03 1.133579e-02 6.604994e-03
3.547052e+03 1.387784e-02 8.023216e-03
3.549349e+03 1.704828e-02 6.415045e-03
3.551646e+03 1.474920e-02 7.085845e-03
3.553943e+03 1.110273e-02 6.123200e-03
3.556241e+03 6.428806e-03 6.380681e-03
3.558538e+03 5.630398e-03 7.620428e-03
3.560835e+03 3.711061e-03 5.760496e-03
3.563132e+03 1.457786e-03 6.252912e-03
3.565429e+03 2.012553e-03 4.678974e-03
3.567727e+03 -2.210650e-03 4.698695e-03
3.570024e+03 -2.236080e-03 5.417542e-03
3.572321e+03 3.325747e-03 6.476010e-03
3.574618e+03 4.837097e-03 5.994717e-03
3.576915e+03 1.981217e-03 7.837129e-03
3.579213e+03 -3.368001e-03 5.405785e-03
3.581510e+03 -5.983035e-03 4.372654e-03
3.583807e+03 2.773537e-03 7.225348e-03
3.586104e+03 7.061058e-03 5.736580e-03
3.588401e+03 3.277172e-03 5.068579e-03
3.590699e+03 5.003388e-03 5.374115e-03
3.592996e+03 8.467107e-03 5.390987e-03
3.595293e+03 7.170863e-03 4.839060e-03
3.597590e+03 3.794767e-03 5.951077e-03
3.599888e+03 9.196679e-04 5.696281e-03
3.602183e+03 4.779348e-03 5.178337e-03
3.604482e+03 3.432349e-03 4.643431e-03
3.606777e+03 -1.106366e-03 4.886684e-03
3.609076e+03 1.779771e-03 6.281546e-03
3.611374e+03 4.473390e-03 5.503319e-03
3.613669e+03 5.706929e-03 5.472088e-03
3.615968e+03 1.745714e-03 4.674100e-03
3.618306e+03 2.750082e-03 5.055964e-03
3.620604e+03 6.586490e-03 5.865030e-03
3.622899e+03 4.600269e-03 3.836386e-03
3.625198e+03 4.351214e-03 5.386678e-03
3.627496e+03 3.434507e-03 5.233806e-03
3.629791e+03 1.459779e-03 4.984749e-03
3.632090e+03 3.335361e-03 5.785252e-03
3.634385e+03 5.077912e-03 5.983166e-03
3.636683e+03 4.198036e-03 5.414450e-03
3.638982e+03 5.111664e-03 5.012654e-03
3.641277e+03 7.688563e-03 5.462330e-03
3.643576e+03 1.198805e-02 4.695648e-03
3.645871e+03 8.969648e-03 4.404207e-03
3.648169e+03 1.957388e-03 5.773165e-03
3.650468e+03 5.017833e-03 5.207346e-03
3.652763e+03 8.262015e-03 6.822315e-03
3.655061e+03 1.680939e-02 6.612881e-03
3.657356e+03 1.898127e-02 5.956573e-03
3.659655e+03 1.442730e-02 7.005770e-03
3.661953e+03 1.190421e-02 6.671900e-03
3.664248e+03 5.811996e-03 6.032597e-03
3.666547e+03 2.118298e-03 6.221971e-03
3.668842e+03 2.268149e-03 6.128527e-03
3.671140e+03 5.924792e-03 5.237573e-03
3.673439e+03 3.390783e-03 6.187685e-03
3.675734e+03 1.993710e-03 5.718129e-03
3.678032e+03 8.893759e-03 5.938600e-03
3.680327e+03 8.161182e-03 6.863197e-03
3.682626e+03 3.090785e-03 5.415237e-03
3.684924e+03 9.235424e-03 7.041092e-03
3.687219e+03 1.475209e-02 6.071061e-03
3.689518e+03 1.600163e-02 6.274541e-03
3.691813e+03 1.053561e-02 7.150977e-03
3.694112e+03 7.869040e-03 5.677700e-03
3.696406e+03 8.318466e-03 5.915103e-03
3.698705e+03 1.021835e-02 6.067675e-03
3.701004e+03 1.165165e-02 5.646286e-03
3.703299e+03 6.042008e-03 6.228612e-03
3.705597e+03 2.041296e-03 4.910987e-03
3.707892e+03 5.117285e-03 5.122940e-03
3.710191e+03 3.615960e-03 5.739171e-03
3.712489e+03 -1.865903e-04 5.713623e-03
3.714784e+03 6.615358e-04 5.411023e-03
3.717083e+03 2.996645e-03 5.286534e-03
3.719378e+03 2.954186e-03 4.650370e-03
3.721676e+03 5.082807e-03 5.314615e-03
3.723975e+03 6.363289e-03 5.235366e-03
3.726270e+03 5.294635e-03 6.252929e-03
3.728568e+03 5.158857e-03 5.054265e-03
3.730863e+03 9.803064e-03 5.746721e-03
3.733162e+03 1.276524e-02 6.020804e-03
3.735457e+03 6.354240e-03 6.080057e-03
3.737755e+03 3.595396e-03 4.921056e-03
3.740054e+03 7.210450e-03 5.989393e-03
3.742349e+03 5.570970e-03 5.240272e-03
3.744647e+03 4.101134e-03 4.991454e-03
3.746942e+03 5.570773e-03 5.271177e-03
3.749241e+03 3.869229e-03 5.627201e-03
3.751536e+03 2.345803e-03 4.920533e-03
3.753835e+03 2.919484e-03 4.909144e-03
3.756133e+03 4.027291e-03 5.296242e-03
3.758428e+03 2.899598e-03 5.038972e-03
3.760727e+03 1.271732e-03 5.072797e-03
3.763022e+03 1.517574e-03 4.575330e-03
3.765320e+03 4.123093e-03 6.584516e-03
3.767615e+03 1.978146e-03 6.010738e-03
3.769914e+03 3.925140e-03 5.569797e-03
3.772212e+03 4.168093e-03 5.829677e-03
3.774507e+03 4.213232e-03 6.519067e-03
3.776806e+03 6.349409e-03 6.168564e-03
3.779101e+03 4.286554e-03 5.252938e-03
3.781439e+03 3.777867e-03 4.981585e-03
3.783737e+03 -1.435395e-03 4.382475e-03
3.786036e+03 -3.969873e-03 4.467165e-03
3.788331e+03 1.248864e-03 5.453184e-03
3.790629e+03 6.605869e-03 4.969942e-03
3.792924e+03 6.752676e-03 4.201350e-03
3.795223e+03 2.672771e-03 4.757870e-03
3.797518e+03 4.269015e-03 4.520466e-03
3.799817e+03 7.289127e-03 4.644699e-03
3.802112e+03 2.796944e-03 4.082408e-03
3.804410e+03 2.291195e-03 6.557167e-03
3.806709e+03 6.438402e-03 5.460918e-03
3.809004e+03 5.720731e-03 5.311098e-03
3.811302e+03 -3.361757e-04 4.963534e-03
3.813597e+03 -3.135701e-04 5.223345e-03
3.815896e+03 1.954838e-03 5.443601e-03
3.818191e+03 2.299438e-03 4.138422e-03
3.820489e+03 7.203277e-03 6.288038e-03
3.822784e+03 9.092927e-03 5.324687e-03
3.825083e+03 5.140993e-03 4.722934e-03
3.827381e+03 7.005191e-03 5.146556e-03
3.829676e+03 8.632061e-03 6.024930e-03
3.831975e+03 8.284495e-03 6.194304e-03
3.834270e+03 3.564560e-03 5.166071e-03
3.836568e+03 3.030675e-03 4.914606e-03
3.838863e+03 7.592097e-03 4.956893e-03
3.841162e+03 1.151505e-02 5.304212e-03
3.843457e+03 1.173516e-02 4.903067e-03
3.845755e+03 7.114415e-03 4.366368e-03
3.848050e+03 6.408234e-03 4.888786e-03
3.850349e+03 5.874354e-03 4.414237e-03
3.852647e+03 8.867869e-03 5.216228e-03
3.854942e+03 1.007645e-02 4.719097e-03
3.857241e+03 9.373090e-03 5.379853e-03
3.859536e+03 7.802779e-03 4.699176e-03
3.861835e+03 9.508337e-03 4.049584e-03
3.864129e+03 1.235188e-02 4.408160e-03
3.866428e+03 1.499484e-02 5.184658e-03
3.868723e+03 1.279483e-02 4.489909e-03
3.871022e+03 6.748873e-03 4.902110e-03
3.873317e+03 8.897640e-03 6.480508e-03
3.875615e+03 8.541708e-03 5.969313e-03
3.877910e+03 6.454888e-03 5.706617e-03
3.880209e+03 9.247339e-03 5.692409e-03
3.882507e+03 8.001996e-03 4.396298e-03
3.884802e+03 8.541164e-03 4.164699e-03
3.887101e+03 6.923173e-03 5.412613e-03
3.889396e+03 6.115561e-03 4.743372e-03
3.891694e+03 5.028458e-03 3.978158e-03
3.893989e+03 3.995035e-03 4.158788e-03
3.896288e+03 8.819992e-03 4.223660e-03
3.898583e+03 9.920925e-03 4.395811e-03
3.900881e+03 5.654895e-03 4.152945e-03
3.903176e+03 7.503979e-03 4.604586e-03
3.905475e+03 7.625256e-03 3.926964e-03
3.907770e+03 6.718929e-03 4.579035e-03
3.910068e+03 7.116872e-03 4.658007e-03
3.912363e+03 6.978434e-03 5.504831e-03
3.914662e+03 7.325547e-03 3.901313e-03
3.916957e+03 6.120053e-03 4.533582e-03
3.919255e+03 -4.827089e-04 4.618197e-03
3.921594e+03 -1.115012e-03 4.333019e-03
3.923892e+03 4.262385e-04 4.253914e-03
3.926187e+03 8.948044e-04 3.917946e-03
3.928486e+03 2.413394e-03 4.138055e-03
3.930781e+03 3.398458e-03 3.723062e-03
3.933079e+03 7.773430e-03 3.316551e-03
3.935374e+03 7.169284e-03 4.349555e-03
3.937673e+03 6.635721e-03 3.889417e-03
3.939968e+03 6.587638e-03 3.897827e-03
3.942266e+03 6.006118e-03 4.120738e-03
3.944561e+03 8.337312e-03 5.929821e-03
3.946860e+03 8.433144e-03 4.781038e-03
3.949155e+03 4.546718e-03 4.298355e-03
3.951453e+03 6.386755e-03 5.136498e-03
3.953748e+03 1.286081e-02 5.133598e-03
3.956047e+03 1.045330e-02 4.854125e-03
3.958342e+03 6.615057e-03 4.828654e-03
3.960640e+03 7.461581e-03 4.870913e-03
3.962935e+03 7.066385e-03 5.604569e-03
3.965234e+03 8.370041e-03 5.471852e-03
3.967529e+03 8.502547e-03 5.113379e-03
3.969827e+03 6.645601e-03 4.611003e-03
3.972122e+03 7.390474e-03 4.145325e-03
3.974421e+03 9.204800e-03 4.077540e-03
3.976716e+03 6.746888e-03 3.868667e-03
3.979014e+03 4.314446e-03 3.857322e-03
3.981309e+03 3.950383e-03 3.761329e-03
3.983608e+03 7.025933e-03 5.036662e-03
3.985903e+03 8.964280e-03 4.562555e-03
3.988201e+03 8.921823e-03 4.477841e-03
3.990496e+03 7.587107e-03 4.822002e-03
3.992795e+03 4.522852e-03 4.576461e-03
3.995090e+03 5.521580e-03 4.709003e-03
3.997388e+03 5.789533e-03 4.466292e-03
3.999683e+03 5.837411e-03 5.115142e-03
4.001982e+03 3.351738e-03 4.584656e-03
4.004277e+03 5.196810e-03 4.547913e-03
4.006572e+03 9.693796e-03 4.835613e-03
4.008871e+03 6.542371e-03 4.615489e-03
4.011165e+03 6.607162e-03 4.742374e-03
4.013464e+03 8.206643e-03 4.747948e-03
4.015759e+03 8.776382e-03 4.685815e-03
4.018058e+03 1.167628e-02 4.130001e-03
4.020353e+03 8.110372e-03 4.744921e-03
4.022651e+03 6.564370e-03 5.410597e-03
4.024946e+03 6.578381e-03 4.888652e-03
4.027245e+03 6.265169e-03 4.550076e-03
4.029540e+03 4.157913e-03 3.966098e-03
4.031838e+03 1.590929e-03 5.195906e-03
4.034133e+03 5.382002e-03 4.202926e-03
4.036432e+03 6.733049e-03 4.496222e-03
4.038727e+03 7.849942e-03 3.943305e-03
4.041025e+03 7.418272e-03 4.938934e-03
4.043320e+03 4.462184e-03 4.704752e-03
4.045615e+03 5.260335e-03 4.216732e-03
4.047914e+03 7.392570e-03 4.481799e-03
4.050209e+03 7.632206e-03 4.222253e-03
4.052507e+03 3.644005e-03 4.763716e-03
4.054802e+03 2.873983e-03 4.473148e-03
4.057101e+03 2.806254e-03 4.772042e-03
4.059396e+03 5.513719e-03 4.300982e-03
4.061694e+03 8.996686e-03 4.360149e-03
4.063989e+03 6.385018e-03 4.461616e-03
4.066288e+03 5.820889e-03 4.856382e-03
4.068583e+03 7.693394e-03 4.749149e-03
4.070881e+03 9.791457e-03 4.746263e-03
4.073176e+03 8.629448e-03 4.658774e-03
4.075471e+03 5.208616e-03 4.376704e-03
4.077770e+03 6.415506e-03 4.543023e-03
4.080065e+03 7.625181e-03 4.774200e-03
4.082363e+03 3.665903e-03 4.229887e-03
4.084658e+03 2.986259e-03 4.026797e-03
4.086957e+03 7.258285e-03 4.198754e-03
4.089252e+03 9.375861e-03 4.534252e-03
4.091550e+03 8.510064e-03 4.159161e-03
4.093845e+03 5.566149e-03 3.820735e-03
4.096140e+03 4.660951e-03 4.579180e-03
4.098439e+03 6.493663e-03 3.679650e-03
4.100734e+03 5.021736e-03 4.418337e-03
4.103032e+03 2.207729e-03 3.930492e-03
4.105327e+03 2.312022e-03 4.265963e-03
4.107626e+03 5.385246e-03 4.998974e-03
4.109964e+03 3.902136e-03 4.412458e-03
4.112259e+03 3.684987e-03 4.917075e-03
4.114558e+03 6.586084e-03 5.041063e-03
4.116853e+03 8.982441e-03 4.933858e-03
4.119147e+03 8.503039e-03 4.928153e-03
4.121446e+03 5.818976e-03 5.184642e-03
4.123741e+03 5.711769e-03 4.155552e-03
4.126040e+03 7.947314e-03 4.468427e-03
4.128335e+03 9.909343e-03 4.262568e-03
4.130633e+03 8.198003e-03 4.406286e-03
4.132928e+03 5.547957e-03 3.805762e-03
4.135223e+03 5.048911e-03 4.468188e-03
4.137522e+03 5.057301e-03 4.177770e-03
4.139817e+03 4.355312e-03 3.847895e-03
4.142115e+03 7.690053e-03 4.366529e-03
4.144410e+03 8.107147e-03 4.053574e-03
4.146709e+03 5.905510e-03 4.484804e-03
4.149004e+03 9.282384e-03 3.751852e-03
4.151299e+03 9.273805e-03 4.290191e-03
4.153597e+03 5.662866e-03 4.439529e-03
4.155892e+03 6.556324e-03 4.571949e-03
4.158191e+03 5.862842e-03 4.309753e-03
4.160486e+03 4.904429e-03 3.869991e-03
4.162781e+03 1.006804e-02 3.889670e-03
4.165079e+03 1.145465e-02 4.216573e-03
4.167374e+03 1.011006e-02 3.731730e-03
4.169673e+03 9.847808e-03 4.492675e-03
4.171968e+03 7.381534e-03 4.509527e-03
4.174263e+03 8.418616e-03 4.458736e-03
4.176561e+03 1.192457e-02 3.720263e-03
4.178856e+03 9.889575e-03 4.188062e-03
4.181155e+03 7.243054e-03 4.331740e-03
4.183450e+03 7.175325e-03 4.230229e-03
4.185745e+03 6.760952e-03 3.722890e-03
4.188043e+03 3.573479e-03 3.860936e-03
4.190338e+03 -1.831807e-04 3.858067e-03
4.192637e+03 4.120105e-03 4.263828e-03
4.194932e+03 9.316614e-03 4.635764e-03
4.197227e+03 8.471080e-03 4.187634e-03
4.199525e+03 5.760035e-03 4.170673e-03
4.201820e+03 4.156528e-03 4.610224e-03
4.204119e+03 5.576722e-03 5.162485e-03
4.206414e+03 8.414293e-03 4.263505e-03
4.208709e+03 1.202671e-02 3.623791e-03
4.211007e+03 1.003998e-02 3.468764e-03
4.213302e+03 8.013845e-03 4.170356e-03
4.215601e+03 6.923268e-03 3.587023e-03
4.217896e+03 5.762273e-03 4.573186e-03
4.220191e+03 1.048185e-02 4.491418e-03
4.222489e+03 8.295211e-03 4.620974e-03
4.224784e+03 4.606827e-03 3.820707e-03
4.227079e+03 6.404397e-03 4.522243e-03
4.229378e+03 8.999291e-03 4.048836e-03
4.231673e+03 1.138281e-02 3.854375e-03
4.233971e+03 1.205886e-02 3.313371e-03
4.236266e+03 9.751217e-03 3.127378e-03
4.238561e+03 1.028922e-02 3.631656e-03
4.240860e+03 1.094555e-02 4.099299e-03
4.243155e+03 1.023544e-02 3.566768e-03
4.245450e+03 8.837926e-03 3.639974e-03
4.247748e+03 7.643288e-03 3.699093e-03
4.250043e+03 6.012009e-03 3.690595e-03
4.252338e+03 4.701931e-03 3.113022e-03
4.254637e+03 2.442495e-03 3.687689e-03
4.256932e+03 3.270706e-03 3.586225e-03
4.259230e+03 4.735563e-03 3.535473e-03
4.261525e+03 5.876422e-03 3.341054e-03
4.263820e+03 8.299006e-03 4.301625e-03
4.266119e+03 7.191821e-03 3.622674e-03
4.268414e+03 6.036776e-03 3.740943e-03
4.270709e+03 6.974745e-03 3.881745e-03
4.273047e+03 3.278879e-03 3.149301e-03
4.275345e+03 3.346444e-03 3.507006e-03
4.277640e+03 1.003921e-02 3.850617e-03
4.279935e+03 1.335447e-02 4.033663e-03
4.282234e+03 9.965733e-03 4.791327e-03
4.284529e+03 8.061500e-03 4.303974e-03
4.286824e+03 1.020492e-02 4.585593e-03
4.289122e+03 1.044984e-02 4.199654e-03
4.291417e+03 8.973801e-03 4.486901e-03
4.293716e+03 8.266728e-03 3.334857e-03
4.296011e+03 7.570938e-03 3.991079e-03
4.298306e+03 9.257953e-03 4.171290e-03
4.300604e+03 1.136459e-02 4.205039e-03
4.302899e+03 1.057866e-02 4.528881e-03
4.305194e+03 9.173133e-03 3.776841e-03
4.307493e+03 8.483006e-03 4.064068e-03
4.309788e+03 1.020371e-02 4.185126e-03
4.312083e+03 1.040355e-02 3.900626e-03
4.314381e+03 7.288593e-03 3.742867e-03
4.316676e+03 5.911353e-03 4.086408e-03
4.318971e+03 4.824215e-03 4.269416e-03
4.321270e+03 3.154149e-03 3.982114e-03
4.323565e+03 6.561681e-03 4.432654e-03
4.325860e+03 8.178068e-03 4.379098e-03
4.328155e+03 6.341872e-03 4.821173e-03
4.330453e+03 7.166910e-03 4.131180e-03
4.332748e+03 4.719687e-03 4.114236e-03
4.335043e+03 1.517829e-03 4.370446e-03
4.337342e+03 4.671704e-03 4.026847e-03
4.339637e+03 6.423168e-03 3.787444e-03
4.341932e+03 3.629710e-03 3.976067e-03
4.344230e+03 3.029886e-03 3.666275e-03
4.346525e+03 4.820731e-03 3.798578e-03
4.348820e+03 4.657359e-03 4.082930e-03
4.351119e+03 3.401466e-03 4.136384e-03
4.353414e+03 2.038603e-03 4.553070e-03
4.355709e+03 2.154025e-03 4.150370e-03
4.358007e+03 3.575922e-03 3.888464e-03
4.360302e+03 3.660351e-04 2.959252e-03
4.362597e+03 3.294278e-03 3.626521e-03
4.364892e+03 7.421897e-03 4.254359e-03
4.367191e+03 4.831498e-03 3.938968e-03
4.369486e+03 3.206886e-03 3.578536e-03
4.371781e+03 3.198404e-03 3.786841e-03
4.374079e+03 5.369089e-03 4.161257e-03
4.376374e+03 7.733993e-03 3.671324e-03
4.378669e+03 5.512554e-03 3.206741e-03
4.380968e+03 2.956138e-03 3.468534e-03
4.383263e+03 3.820412e-03 3.690909e-03
4.385558e+03 2.170601e-03 3.944245e-03
4.387853e+03 1.523064e-03 4.073704e-03
4.390151e+03 3.276944e-03 4.121517e-03
4.392446e+03 4.363580e-03 4.011679e-03
4.394741e+03 4.028526e-03 3.890579e-03
4.397040e+03 3.434484e-03 3.845496e-03
4.399335e+03 4.447889e-03 4.090367e-03
4.401629e+03 4.349310e-03 3.786293e-03
4.403924e+03 1.503241e-03 3.800327e-03
4.406223e+03 5.928445e-03 4.563159e-03
4.408518e+03 1.083773e-02 4.681337e-03
4.410813e+03 7.012077e-03 4.444828e-03
4.413108e+03 4.253364e-03 4.788203e-03
4.415406e+03 3.605891e-03 4.137908e-03
4.417701e+03 1.573514e-03 3.096358e-03
4.419996e+03 3.839444e-03 4.143445e-03
4.422295e+03 5.494512e-03 3.647994e-03
4.424590e+03 3.251071e-03 3.982914e-03
4.426885e+03 4.151755e-03 4.624633e-03
4.429180e+03 7.504043e-03 4.329038e-03
4.431478e+03 7.681287e-03 3.478956e-03
4.433773e+03 6.045886e-03 4.103772e-03
4.436068e+03 4.019291e-03 4.143134e-03
4.438363e+03 2.490919e-03 4.497729e-03
4.440662e+03 3.760261e-03 3.611089e-03
4.442957e+03 1.010700e-02 4.911368e-03
4.445252e+03 9.802931e-03 4.942276e-03
4.447547e+03 3.163473e-03 4.207644e-03
4.449845e+03 5.612008e-03 3.869866e-03
4.452140e+03 6.293039e-03 4.114678e-03
4.454435e+03 6.110037e-03 4.092118e-03
4.456730e+03 7.396132e-03 4.030160e-03
4.459029e+03 6.109906e-03 3.644555e-03
4.461324e+03 5.760869e-03 4.027261e-03
4.463619e+03 5.797393e-03 4.066617e-03
4.465914e+03 7.339534e-03 4.052503e-03
4.468212e+03 8.622737e-03 4.021504e-03
4.470507e+03 8.062623e-03 3.785070e-03
4.472802e+03 8.856129e-03 3.889156e-03
4.475097e+03 6.230464e-03 3.976351e-03
4.477396e+03 6.365474e-03 4.100130e-03
4.479691e+03 8.245199e-03 4.550337e-03
4.481986e+03 6.705838e-03 4.719131e-03
4.484281e+03 6.992798e-03 4.218191e-03
4.486576e+03 5.695483e-03 4.679638e-03
4.488874e+03 4.316589e-03 4.080220e-03
4.491169e+03 4.876515e-03 4.144897e-03
4.493464e+03 7.499006e-03 4.566937e-03
4.495759e+03 1.111192e-02 4.538750e-03
4.498058e+03 1.214167e-02 4.336108e-03
4.500353e+03 1.085282e-02 4.192560e-03
4.502691e+03 9.693435e-03 4.184075e-03
4.504986e+03 7.560521e-03 4.091179e-03
4.507281e+03 6.963936e-03 4.032048e-03
4.509576e+03 8.536713e-03 4.358395e-03
4.511874e+03 8.817990e-03 3.885656e-03
4.514169e+03 7.498311e-03 4.211997e-03
4.516464e+03 5.351461e-03 4.079714e-03
4.518759e+03 7.197106e-03 4.192215e-03
4.521054e+03 9.760166e-03 3.781398e-03
4.523353e+03 8.735950e-03 3.432483e-03
4.525647e+03 6.828322e-03 3.536546e-03
4.527942e+03 4.087948e-03 3.671557e-03
4.530237e+03 7.762241e-03 3.750295e-03
4.532532e+03 1.009728e-02 3.556134e-03
4.534831e+03 6.799911e-03 3.876821e-03
4.537126e+03 7.947686e-03 3.879596e-03
4.539421e+03 7.849141e-03 3.643240e-03
4.541716e+03 6.113264e-03 3.390007e-03
4.544011e+03 4.332413e-03 3.676925e-03
4.546309e+03 5.603949e-03 3.797858e-03
4.548604e+03 8.723732e-03 3.637466e-03
4.550899e+03 9.561968e-03 4.216943e-03
4.553194e+03 8.540702e-03 4.079058e-03
4.555489e+03 8.146782e-03 4.214046e-03
4.557788e+03 7.758494e-03 3.927070e-03
4.560083e+03 9.406869e-03 3.960788e-03
4.562378e+03 9.088904e-03 4.062016e-03
4.564673e+03 4.919944e-03 3.685035e-03
4.566968e+03 9.108417e-03 4.064749e-03
4.569263e+03 1.285799e-02 4.213796e-03
4.571561e+03 9.864913e-03 3.544280e-03
4.573856e+03 8.728408e-03 3.670826e-03
4.576151e+03 1.105737e-02 3.437323e-03
4.578446e+03 1.119510e-02 3.420412e-03
4.580741e+03 9.192265e-03 4.357044e-03
4.583036e+03 1.195995e-02 4.368253e-03
4.585335e+03 1.345060e-02 3.898480e-03
4.587629e+03 1.106246e-02 4.475049e-03
4.589924e+03 1.065451e-02 3.321800e-03
4.592219e+03 1.439808e-02 3.982745e-03
4.594514e+03 1.300849e-02 4.517111e-03
4.596809e+03 1.331494e-02 4.542381e-03
4.599108e+03 1.275510e-02 3.507304e-03
4.601403e+03 7.787992e-03 3.746336e-03
4.603698e+03 9.652630e-03 3.743487e-03
4.605993e+03 1.182661e-02 3.768765e-03
4.608288e+03 1.146931e-02 3.903729e-03
4.610583e+03 1.345479e-02 4.142748e-03
4.612881e+03 1.266156e-02 4.213021e-03
4.615176e+03 9.823725e-03 4.013300e-03
4.617471e+03 1.038048e-02 3.630777e-03
4.619766e+03 1.368208e-02 3.897916e-03
4.622061e+03 1.975375e-02 4.941250e-03
4.624356e+03 2.053820e-02 5.514911e-03
4.626651e+03 1.622398e-02 4.460260e-03
4.628946e+03 1.688189e-02 4.429282e-03
4.631245e+03 1.658083e-02 4.749833e-03
4.633540e+03 1.519988e-02 5.135058e-03
4.635835e+03 1.404394e-02 4.606324e-03
4.638129e+03 1.125980e-02 4.257576e-03
4.640424e+03 7.204626e-03 4.063498e-03
4.642719e+03 2.727721e-03 3.790688e-03
4.645014e+03 6.346812e-03 4.305261e-03
4.647313e+03 1.307594e-02 3.897474e-03
4.649608e+03 1.461399e-02 4.046476e-03
4.651903e+03 1.474320e-02 3.748369e-03
4.654198e+03 1.264816e-02 4.471005e-03
4.656493e+03 1.165825e-02 4.037925e-03
4.658788e+03 1.304159e-02 4.063195e-03
4.661083e+03 1.258314e-02 4.482127e-03
4.663378e+03 1.135143e-02 4.510205e-03
4.665673e+03 6.709007e-03 4.130566e-03
4.667971e+03 6.585225e-03 3.894338e-03
4.670266e+03 1.199220e-02 4.009583e-03
4.672561e+03 1.054404e-02 3.722748e-03
4.674856e+03 8.601048e-03 4.822096e-03
4.677151e+03 9.804371e-03 4.068519e-03
4.679446e+03 1.059436e-02 3.463975e-03
4.681741e+03 1.143494e-02 4.048764e-03
4.684036e+03 1.088376e-02 4.282090e-03
4.686331e+03 1.226134e-02 4.062748e-03
4.688626e+03 1.304566e-02 4.012102e-03
4.690924e+03 8.954750e-03 4.102035e-03
4.693219e+03 6.961306e-03 3.806787e-03
4.695514e+03 8.833695e-03 4.307199e-03
4.697809e+03 9.679863e-03 3.505894e-03
4.700104e+03 8.119429e-03 3.359666e-03
4.702399e+03 6.320052e-03 4.248043e-03
4.704694e+03 7.675082e-03 4.484159e-03
4.707032e+03 8.692726e-03 4.582516e-03
4.709327e+03 1.020233e-02 3.556337e-03
4.711622e+03 8.937152e-03 4.936660e-03
4.713917e+03 5.959922e-03 4.332188e-03
4.716212e+03 7.073129e-03 4.042590e-03
4.718507e+03 8.824462e-03 3.691151e-03
4.720802e+03 5.658962e-03 4.548536e-03
4.723101e+03 4.972984e-03 4.270188e-03
4.725396e+03 6.117081e-03 4.168949e-03
4.727691e+03 7.263970e-03 4.031167e-03
4.729986e+03 8.385536e-03 3.741585e-03
4.732281e+03 6.476738e-03 4.123860e-03
4.734576e+03 7.685435e-03 4.433041e-03
4.736871e+03 8.129512e-03 4.284016e-03
4.739165e+03 7.764009e-03 4.000067e-03
4.741460e+03 6.167299e-03 3.662714e-03
4.743755e+03 5.068160e-03 3.544620e-03
4.746050e+03 5.101848e-03 3.128570e-03
4.748345e+03 6.161517e-03 3.505205e-03
4.750640e+03 8.247140e-03 3.977404e-03
4.752935e+03 9.236492e-03 4.202237e-03
4.755230e+03 1.037480e-02 4.466420e-03
4.757525e+03 7.909625e-03 4.651894e-03
4.759820e+03 7.400805e-03 4.396072e-03
4.762115e+03 7.322039e-03 3.805773e-03
4.764414e+03 5.975632e-03 3.974385e-03
4.766709e+03 7.302237e-03 4.109265e-03
4.769004e+03 8.732814e-03 3.909670e-03
4.771299e+03 6.270596e-03 3.979904e-03
4.773594e+03 5.002944e-03 3.946141e-03
4.775888e+03 5.253044e-03 3.929244e-03
4.778183e+03 6.812879e-03 3.932021e-03
4.780478e+03 7.470494e-03 4.111862e-03
4.782773e+03 6.157903e-03 4.221438e-03
4.785068e+03 5.767188e-03 3.864467e-03
4.787363e+03 7.973379e-03 4.021820e-03
4.789658e+03 8.186908e-03 4.552967e-03
4.791953e+03 6.427496e-03 3.929007e-03
4.794248e+03 1.120235e-02 3.692899e-03
4.796543e+03 1.333816e-02 4.257756e-03
4.798838e+03 1.031408e-02 4.313929e-03
4.801133e+03 1.031681e-02 3.816459e-03
4.803428e+03 7.689060e-03 3.841721e-03
4.805723e+03 6.590168e-03 4.361595e-03
4.808018e+03 7.289872e-03 4.184509e-03
4.810313e+03 3.021029e-03 4.055203e-03
4.812608e+03 3.178374e-03 3.650496e-03
4.814903e+03 5.434947e-03 3.757251e-03
4.817198e+03 6.646093e-03 4.156267e-03
4.819493e+03 6.533631e-03 4.240537e-03
4.821788e+03 6.488615e-03 4.718224e-03
4.824083e+03 6.502609e-03 5.305499e-03
4.826378e+03 7.311861e-03 3.824538e-03
4.828673e+03 6.915581e-03 3.810454e-03
4.830968e+03 7.095366e-03 3.880674e-03
4.833263e+03 1.100124e-02 4.181315e-03
4.835558e+03 1.100115e-02 3.911518e-03
4.837853e+03 7.033369e-03 3.110645e-03
4.840147e+03 4.467824e-03 4.189641e-03
4.842442e+03 3.408444e-03 3.947950e-03
4.844737e+03 4.754362e-03 4.360975e-03
4.847032e+03 5.566380e-03 3.894499e-03
4.849327e+03 4.057438e-03 3.680917e-03
4.851622e+03 8.578432e-03 4.574415e-03
4.853917e+03 1.120835e-02 4.254059e-03
4.856212e+03 8.789026e-03 4.273691e-03
4.858507e+03 6.285452e-03 4.428195e-03
4.860802e+03 7.291287e-03 4.998537e-03
4.863097e+03 1.034259e-02 3.925182e-03
4.865392e+03 7.013009e-03 3.942007e-03
4.867687e+03 3.402517e-03 3.734060e-03
4.869982e+03 4.366201e-03 3.972851e-03
4.872273e+03 5.484398e-03 4.020581e-03
4.874568e+03 4.849382e-03 4.425132e-03
4.876863e+03 6.060275e-03 4.762246e-03
4.879158e+03 6.579996e-03 4.298631e-03
4.881453e+03 8.285331e-03 3.969879e-03
4.883748e+03 9.549547e-03 3.905227e-03
4.886043e+03 9.276949e-03 3.666389e-03
4.888338e+03 8.886359e-03 3.781548e-03
4.890633e+03 1.045396e-02 4.115843e-03
4.892928e+03 1.069549e-02 3.834868e-03
4.895223e+03 9.776726e-03 3.868551e-03
4.897518e+03 1.060542e-02 4.222500e-03
4.899813e+03 9.799044e-03 4.273035e-03
4.902108e+03 8.416772e-03 3.803841e-03
4.904403e+03 1.071192e-02 4.132501e-03
4.906698e+03 9.672393e-03 4.138088e-03
4.908993e+03 7.576601e-03 3.784086e-03
4.911288e+03 8.590678e-03 3.955420e-03
4.913579e+03 8.950191e-03 4.438576e-03
4.915874e+03 1.155706e-02 4.174476e-03
4.918169e+03 1.316382e-02 4.275573e-03
4.920464e+03 1.323395e-02 4.036760e-03
4.922759e+03 1.079551e-02 4.112576e-03
4.925054e+03 1.035720e-02 3.972089e-03
4.927349e+03 1.509887e-02 4.017003e-03
4.929644e+03 1.221665e-02 3.379312e-03
4.931939e+03 6.618118e-03 3.469176e-03
4.934234e+03 6.064687e-03 4.519724e-03
4.936529e+03 8.671395e-03 4.084293e-03
4.938824e+03 1.239323e-02 4.418529e-03
4.941115e+03 8.480251e-03 3.705020e-03
4.943410e+03 9.266688e-03 4.469022e-03
4.945705e+03 1.410357e-02 3.946530e-03
4.948000e+03 1.457536e-02 4.207725e-03
4.950295e+03 1.346855e-02 4.143090e-03
4.952590e+03 1.133372e-02 4.053173e-03
4.954885e+03 1.141509e-02 4.176730e-03
4.957180e+03 1.269020e-02 3.968848e-03
4.959475e+03 1.142614e-02 4.126107e-03
4.961770e+03 1.119574e-02 3.752511e-03
4.964061e+03 1.061424e-02 4.086722e-03
4.966356e+03 9.086216e-03 4.297343e-03
4.968651e+03 9.257478e-03 4.168112e-03
4.970946e+03 8.802400e-03 3.600726e-03
4.973241e+03 8.181621e-03 3.870330e-03
4.975536e+03 1.127948e-02 4.010731e-03
4.977831e+03 1.329598e-02 4.215731e-03
4.980126e+03 8.877963e-03 3.777559e-03
4.982417e+03 4.445971e-03 4.044344e-03
4.984712e+03 7.967858e-03 4.218444e-03
4.987007e+03 1.164135e-02 4.445901e-03
4.989302e+03 1.293318e-02 4.872762e-03
4.991597e+03 1.186586e-02 4.218347e-03
4.993892e+03 1.019754e-02 4.796859e-03
4.996187e+03 8.571374e-03 3.729615e-03
4.998482e+03 1.179819e-02 5.013035e-03
5.000773e+03 1.298043e-02 4.361447e-03
5.003068e+03 6.650247e-03 4.569236e-03
5.005363e+03 5.324651e-03 4.647835e-03
5.007658e+03 5.942445e-03 5.560512e-03
5.009953e+03 8.003706e-03 4.470843e-03
5.012248e+03 7.649801e-03 4.201214e-03
5.014543e+03 6.706163e-03 4.616807e-03
5.016835e+03 7.467152e-03 4.038272e-03
5.019173e+03 9.303679e-03 4.290983e-03
5.021468e+03 8.152242e-03 3.799512e-03
5.023763e+03 6.009532e-03 3.681540e-03
5.026058e+03 6.082501e-03 3.875276e-03
5.028353e+03 3.866824e-03 3.883674e-03
5.030644e+03 2.532933e-03 3.454000e-03
5.032939e+03 5.899838e-03 4.386267e-03
5.035234e+03 7.946891e-03 4.512599e-03
5.037529e+03 4.428323e-03 4.481677e-03
5.039824e+03 3.057964e-03 4.049203e-03
5.042119e+03 6.528663e-03 3.863844e-03
5.044410e+03 8.134794e-03 4.035106e-03
5.046705e+03 7.477666e-03 4.153011e-03
5.049000e+03 7.303519e-03 3.953616e-03
5.051295e+03 7.309081e-03 3.633479e-03
5.053590e+03 6.755867e-03 3.709268e-03
5.055881e+03 5.104769e-03 3.644658e-03
5.058176e+03 4.290446e-03 3.366652e-03
5.060471e+03 4.711594e-03 4.040516e-03
5.062766e+03 5.570759e-03 3.911324e-03
5.065061e+03 6.938129e-03 3.728789e-03
5.067353e+03 9.939620e-03 3.880382e-03
5.069647e+03 9.456609e-03 4.234135e-03
5.071942e+03 6.514007e-03 4.624383e-03
5.074237e+03 6.373573e-03 4.512040e-03
5.076532e+03 6.202255e-03 3.776385e-03
5.078824e+03 7.190523e-03 4.015012e-03
5.081119e+03 1.091626e-02 3.843714e-03
5.083414e+03 1.096672e-02 3.489923e-03
5.085709e+03 6.412651e-03 4.048617e-03
5.088004e+03 5.160406e-03 3.613408e-03
5.090295e+03 7.928666e-03 3.436503e-03
5.092590e+03 6.288980e-03 3.613355e-03
5.094885e+03 6.538810e-03 4.073770e-03
5.097180e+03 1.035983e-02 3.798603e-03
5.099475e+03 9.452923e-03 4.098979e-03
5.101766e+03 7.403379e-03 4.301091e-03
5.104061e+03 6.176459e-03 3.879938e-03
5.106356e+03 6.583496e-03 4.062397e-03
5.108651e+03 7.153360e-03 3.792854e-03
5.110942e+03 6.072454e-03 4.079183e-03
5.113237e+03 6.973586e-03 3.846141e-03
5.115532e+03 8.826411e-03 3.368860e-03
5.117827e+03 1.105539e-02 3.514818e-03
5.120119e+03 1.088687e-02 3.570941e-03
5.122414e+03 7.751018e-03 3.857261e-03
5.124709e+03 8.657723e-03 3.452982e-03
5.127004e+03 8.405008e-03 3.742111e-03
5.129295e+03 7.265199e-03 3.806651e-03
5.131590e+03 9.912382e-03 3.876805e-03
5.133885e+03 9.979686e-03 3.539910e-03
5.136180e+03 9.151490e-03 3.789727e-03
5.138471e+03 9.940246e-03 4.376404e-03
5.140766e+03 7.593387e-03 3.736339e-03
5.143061e+03 5.681667e-03 3.882284e-03
5.145356e+03 7.736445e-03 4.193850e-03
5.147647e+03 9.347672e-03 4.331368e-03
5.149942e+03 9.521647e-03 3.977646e-03
5.152237e+03 9.619829e-03 4.359379e-03
5.154532e+03 8.359399e-03 3.483551e-03
5.156824e+03 7.506003e-03 3.710897e-03
5.159119e+03 6.383147e-03 3.458239e-03
5.161414e+03 6.270824e-03 3.592953e-03
5.163709e+03 8.207591e-03 3.887658e-03
5.166000e+03 8.317007e-03 3.966226e-03
5.168295e+03 6.860150e-03 3.926903e-03
5.170590e+03 4.617377e-03 3.707936e-03
5.172881e+03 4.462968e-03 3.306526e-03
5.175176e+03 8.092230e-03 3.758410e-03
5.177471e+03 1.043310e-02 4.423611e-03
5.179766e+03 1.047513e-02 3.385050e-03
5.182058e+03 9.871591e-03 3.825697e-03
5.184353e+03 7.946057e-03 3.592708e-03
5.186647e+03 6.753120e-03 3.477605e-03
5.188939e+03 4.765887e-03 3.805973e-03
5.191234e+03 1.226548e-03 3.842435e-03
5.193529e+03 4.914579e-03 3.811536e-03
5.195820e+03 9.806639e-03 3.581360e-03
5.198115e+03 1.105555e-02 3.926558e-03
5.200410e+03 1.017979e-02 3.923725e-03
5.202705e+03 6.488979e-03 3.724427e-03
5.204996e+03 6.744338e-03 3.954544e-03
5.207291e+03 1.069320e-02 3.974166e-03
5.209586e+03 1.124042e-02 4.173408e-03
5.211878e+03 1.142557e-02 4.024631e-03
5.214173e+03 1.331712e-02 4.201417e-03
5.216468e+03 1.696834e-02 4.139645e-03
5.218759e+03 1.542745e-02 3.926322e-03
5.221054e+03 1.101272e-02 3.982428e-03
5.223349e+03 1.128768e-02 3.569848e-03
5.225640e+03 1.017905e-02 3.611921e-03
5.227935e+03 9.168662e-03 4.027253e-03
5.230230e+03 8.172319e-03 3.634325e-03
5.232522e+03 8.419230e-03 3.406982e-03
5.234817e+03 1.295150e-02 4.389197e-03
5.237112e+03 1.618155e-02 4.313395e-03
5.239403e+03 1.409351e-02 4.403170e-03
5.241698e+03 9.673441e-03 4.063576e-03
5.243993e+03 1.253582e-02 3.659439e-03
5.246284e+03 1.575737e-02 3.836211e-03
5.248579e+03 1.471333e-02 4.170133e-03
5.250874e+03 1.476094e-02 3.583598e-03
5.253165e+03 1.267300e-02 4.136406e-03
5.255460e+03 1.154482e-02 4.102705e-03
5.257755e+03 1.502444e-02 3.883793e-03
5.260047e+03 1.470163e-02 4.049334e-03
5.262342e+03 1.175786e-02 3.872518e-03
5.264633e+03 1.161748e-02 4.515101e-03
5.266928e+03 1.254343e-02 4.066092e-03
5.269223e+03 1.325049e-02 3.695657e-03
5.271514e+03 1.630905e-02 4.304558e-03
5.273809e+03 1.751557e-02 3.344849e-03
5.276104e+03 1.426884e-02 3.942521e-03
5.278396e+03 1.312388e-02 4.582274e-03
5.280691e+03 1.243912e-02 3.538401e-03
5.282982e+03 1.421244e-02 3.984535e-03
5.285277e+03 1.584824e-02 3.891911e-03
5.287572e+03 1.596038e-02 3.813320e-03
5.289863e+03 1.487157e-02 3.942368e-03
5.292158e+03 1.225073e-02 3.860972e-03
5.294450e+03 1.279781e-02 3.855335e-03
5.296745e+03 1.403793e-02 4.127483e-03
5.299040e+03 1.565684e-02 3.922627e-03
5.301331e+03 1.683801e-02 3.619568e-03
5.303626e+03 1.715216e-02 4.475330e-03
5.305921e+03 2.176484e-02 4.985963e-03
5.308212e+03 1.966315e-02 4.817584e-03
5.310507e+03 1.486511e-02 4.082436e-03
5.312799e+03 1.320961e-02 4.318093e-03
5.315094e+03 1.417471e-02 4.051519e-03
5.317385e+03 1.751346e-02 4.225450e-03
5.319680e+03 1.920520e-02 3.885931e-03
5.321975e+03 1.804632e-02 4.250648e-03
5.324266e+03 1.593071e-02 4.287096e-03
5.326561e+03 1.559393e-02 3.869023e-03
5.328853e+03 1.391325e-02 3.885834e-03
5.331147e+03 1.430595e-02 3.810057e-03
5.333442e+03 1.569184e-02 3.796007e-03
5.335734e+03 1.849174e-02 4.660108e-03
5.338072e+03 1.636498e-02 4.589938e-03
5.340363e+03 1.197136e-02 4.679688e-03
5.342658e+03 1.480209e-02 4.643189e-03
5.344950e+03 1.563805e-02 3.978247e-03
5.347245e+03 1.454380e-02 4.227913e-03
5.349540e+03 1.516373e-02 4.101640e-03
5.351831e+03 1.385908e-02 4.194197e-03
5.354126e+03 1.680193e-02 4.474716e-03
5.356417e+03 1.658300e-02 4.996502e-03
5.358712e+03 1.304525e-02 5.035748e-03
5.361004e+03 1.772180e-02 4.721510e-03
5.363299e+03 1.959850e-02 4.289451e-03
5.365590e+03 1.902608e-02 4.511050e-03
5.367885e+03 1.806934e-02 4.401613e-03
5.370180e+03 1.699198e-02 4.853246e-03
5.372471e+03 1.762588e-02 4.648430e-03
5.374766e+03 1.597344e-02 4.171498e-03
5.377058e+03 1.285666e-02 3.997545e-03
5.379353e+03 1.832968e-02 4.210721e-03
5.381644e+03 2.092724e-02 3.840400e-03
5.383939e+03 2.001541e-02 3.921729e-03
5.386230e+03 2.051182e-02 4.665090e-03
5.388525e+03 1.767001e-02 3.826306e-03
5.390817e+03 1.660393e-02 4.418179e-03
5.393112e+03 1.730232e-02 4.134827e-03
5.395403e+03 1.863748e-02 4.235789e-03
5.397698e+03 1.934426e-02 4.336750e-03
5.399989e+03 2.043534e-02 4.577965e-03
5.402284e+03 1.801721e-02 4.283402e-03
5.404576e+03 1.382349e-02 4.098240e-03
5.406871e+03 1.619370e-02 4.002841e-03
5.409162e+03 1.882194e-02 4.286129e-03
5.411457e+03 1.865633e-02 4.532946e-03
5.413748e+03 2.178663e-02 4.462795e-03
5.416043e+03 2.075145e-02 4.535698e-03
5.418335e+03 1.424375e-02 4.011137e-03
5.420629e+03 1.095623e-02 3.691348e-03
5.422921e+03 1.249609e-02 4.518787e-03
5.425216e+03 1.570206e-02 4.591690e-03
5.427507e+03 1.601332e-02 4.131655e-03
5.429802e+03 1.430503e-02 4.409316e-03
5.432094e+03 1.428812e-02 4.768317e-03
5.434388e+03 1.648145e-02 4.092313e-03
5.436680e+03 1.962840e-02 4.389603e-03
5.438975e+03 1.879805e-02 4.496164e-03
5.441266e+03 1.827625e-02 4.350286e-03
5.443561e+03 1.624265e-02 4.069778e-03
5.445853e+03 1.246170e-02 4.383893e-03
5.448147e+03 1.544310e-02 4.041684e-03
5.450439e+03 1.964454e-02 4.487618e-03
5.452734e+03 1.839351e-02 4.386620e-03
5.455025e+03 1.588598e-02 4.400618e-03
5.457317e+03 1.598405e-02 4.330476e-03
5.459612e+03 1.777055e-02 4.204238e-03
5.461903e+03 1.349612e-02 3.971425e-03
5.464198e+03 1.157484e-02 4.277111e-03
5.466489e+03 1.633426e-02 4.874477e-03
5.468784e+03 1.786830e-02 4.128417e-03
5.471076e+03 1.883579e-02 4.176072e-03
5.473371e+03 1.955085e-02 4.703312e-03
5.475662e+03 1.879911e-02 4.762182e-03
5.477953e+03 2.006947e-02 3.861887e-03
5.480248e+03 1.805289e-02 4.063793e-03
5.482540e+03 1.961210e-02 4.436772e-03
5.484835e+03 2.238847e-02 4.321763e-03
5.487126e+03 1.961749e-02 3.954347e-03
5.489421e+03 1.896674e-02 3.774837e-03
5.491712e+03 1.632482e-02 4.689073e-03
5.494007e+03 1.415408e-02 3.987932e-03
5.496299e+03 1.659386e-02 4.251529e-03
5.498590e+03 1.721074e-02 4.576817e-03
5.500885e+03 1.382572e-02 4.708597e-03
5.503176e+03 1.610561e-02 4.338390e-03
5.505471e+03 1.537638e-02 4.085975e-03
5.507763e+03 1.030602e-02 4.310298e-03
5.510054e+03 1.382260e-02 4.601926e-03
5.512349e+03 1.949007e-02 4.324271e-03
5.514640e+03 1.970870e-02 3.965295e-03
5.516935e+03 1.422899e-02 3.690453e-03
5.519227e+03 1.534221e-02 3.976468e-03
5.521518e+03 1.875491e-02 3.844645e-03
5.523813e+03 2.068694e-02 4.413887e-03
5.526104e+03 2.280401e-02 4.467143e-03
5.528399e+03 2.182241e-02 4.506377e-03
5.530691e+03 1.798895e-02 4.267995e-03
5.532982e+03 1.713077e-02 4.960604e-03
5.535277e+03 1.463496e-02 4.467043e-03
5.537568e+03 1.295239e-02 3.861320e-03
5.539863e+03 1.535827e-02 4.360436e-03
5.542155e+03 1.433468e-02 4.203379e-03
5.544446e+03 1.648535e-02 4.309912e-03
5.546741e+03 1.419431e-02 3.642514e-03
5.549032e+03 1.375680e-02 4.379968e-03
5.551324e+03 1.838062e-02 4.270583e-03
5.553619e+03 1.612326e-02 4.043432e-03
5.555910e+03 1.359954e-02 4.149965e-03
5.558201e+03 1.321532e-02 3.807852e-03
5.560496e+03 1.635012e-02 4.379846e-03
5.562788e+03 2.019148e-02 4.620966e-03
5.565083e+03 1.779678e-02 3.970418e-03
5.567374e+03 1.390200e-02 4.270419e-03
5.569665e+03 1.617872e-02 4.489105e-03
5.571960e+03 1.585057e-02 4.225511e-03
5.574252e+03 1.765900e-02 4.121742e-03
5.576543e+03 2.094507e-02 3.678705e-03
5.578838e+03 1.812145e-02 4.051600e-03
5.581129e+03 1.686242e-02 4.407671e-03
5.583421e+03 1.777358e-02 4.606719e-03
5.585716e+03 1.749310e-02 4.595479e-03
5.588007e+03 1.551071e-02 3.476732e-03
5.590299e+03 1.426013e-02 4.015043e-03
5.592594e+03 1.325630e-02 3.835577e-03
5.594885e+03 1.521326e-02 4.463601e-03
5.597176e+03 1.538701e-02 4.090678e-03
5.599471e+03 1.588599e-02 4.586917e-03
5.601763e+03 1.353638e-02 3.989700e-03
5.604054e+03 1.023915e-02 3.712112e-03
5.606349e+03 1.019143e-02 4.511145e-03
5.608640e+03 9.033454e-03 4.087765e-03
5.610932e+03 1.025861e-02 4.746603e-03
5.613223e+03 1.159589e-02 4.769007e-03
5.615518e+03 1.008187e-02 4.295167e-03
5.617809e+03 9.422966e-03 4.320379e-03
5.620101e+03 1.096770e-02 4.065227e-03
5.622396e+03 9.591081e-03 4.157724e-03
5.624687e+03 9.389172e-03 4.541792e-03
5.626978e+03 1.094229e-02 4.609051e-03
5.629273e+03 1.227392e-02 4.583795e-03
5.631565e+03 1.443538e-02 4.393131e-03
5.633856e+03 1.608377e-02 4.732333e-03
5.636147e+03 1.941424e-02 4.620168e-03
5.638442e+03 1.662467e-02 4.536040e-03
5.640734e+03 1.403417e-02 4.550034e-03
5.643025e+03 1.301645e-02 4.283680e-03
5.645320e+03 1.155859e-02 4.300479e-03
5.647612e+03 1.424982e-02 4.426611e-03
5.649903e+03 1.483005e-02 4.306039e-03
5.652194e+03 1.370020e-02 4.457402e-03
5.654489e+03 1.434210e-02 4.409719e-03
5.656781e+03 1.006129e-02 4.202248e-03
5.659072e+03 5.158170e-03 4.120930e-03
5.661363e+03 7.112068e-03 3.955512e-03
5.663658e+03 1.003590e-02 4.238624e-03
5.665950e+03 1.167018e-02 4.544163e-03
5.668241e+03 1.325117e-02 4.053565e-03
5.670532e+03 9.946037e-03 4.266591e-03
5.672827e+03 9.348890e-03 4.532882e-03
5.675119e+03 1.210724e-02 4.322614e-03
5.677410e+03 1.050653e-02 4.485180e-03
5.679701e+03 1.145116e-02 4.095507e-03
5.681996e+03 1.631467e-02 4.768256e-03
5.684288e+03 1.846463e-02 4.841114e-03
5.686579e+03 1.436909e-02 4.016955e-03
5.688871e+03 1.029882e-02 3.739420e-03
5.691165e+03 7.890866e-03 4.597166e-03
5.693457e+03 7.829158e-03 4.608356e-03
5.695748e+03 8.622401e-03 4.075739e-03
5.698040e+03 1.181509e-02 4.311177e-03
5.700331e+03 1.393137e-02 4.162591e-03
5.702626e+03 1.142254e-02 4.224238e-03
5.704917e+03 1.075816e-02 4.378386e-03
5.707209e+03 1.151212e-02 4.148513e-03
5.709500e+03 1.326116e-02 4.036371e-03
5.711795e+03 1.596601e-02 4.033546e-03
5.714086e+03 1.408791e-02 4.339055e-03
5.716378e+03 1.064577e-02 4.008279e-03
5.718669e+03 7.607284e-03 3.971819e-03
5.720960e+03 6.567344e-03 3.520523e-03
5.723255e+03 8.246278e-03 3.632623e-03
5.725547e+03 8.064046e-03 4.170767e-03
5.727838e+03 8.736706e-03 4.893901e-03
5.730129e+03 9.930702e-03 4.117472e-03
5.732421e+03 9.151446e-03 4.394938e-03
5.734712e+03 9.014061e-03 4.022132e-03
5.737007e+03 9.465275e-03 4.075366e-03
5.739299e+03 9.316678e-03 4.478955e-03
5.741590e+03 9.064376e-03 3.811858e-03
5.743881e+03 9.327795e-03 3.789418e-03
5.746173e+03 1.129812e-02 3.994004e-03
5.748468e+03 1.316473e-02 4.235024e-03
5.750759e+03 1.503692e-02 4.307874e-03
5.753050e+03 9.994667e-03 4.092040e-03
5.755342e+03 6.387475e-03 4.288211e-03
5.757633e+03 8.607214e-03 4.865556e-03
5.759924e+03 7.250651e-03 4.431109e-03
5.762219e+03 8.483807e-03 4.428284e-03
5.764511e+03 9.700137e-03 3.892948e-03
5.766802e+03 1.223932e-02 4.417031e-03
5.769094e+03 1.215238e-02 4.879448e-03
5.771385e+03 8.447205e-03 5.075610e-03
5.773676e+03 9.352418e-03 3.881658e-03
5.775968e+03 9.192620e-03 4.226365e-03
5.778263e+03 9.506469e-03 4.215133e-03
5.780554e+03 8.592774e-03 4.055364e-03
5.782845e+03 9.638096e-03 4.116999e-03
5.785137e+03 1.154380e-02 3.853539e-03
5.787428e+03 1.031902e-02 4.273903e-03
5.789719e+03 1.163897e-02 4.245858e-03
5.792011e+03 1.166694e-02 4.147749e-03
5.794302e+03 1.068881e-02 3.732956e-03
5.796597e+03 1.200873e-02 4.058027e-03
5.798888e+03 1.370418e-02 4.301825e-03
5.801180e+03 1.419175e-02 3.676850e-03
5.803471e+03 1.281006e-02 4.108412e-03
5.805763e+03 7.569420e-03 4.254120e-03
5.808054e+03 6.406371e-03 4.495110e-03
5.810345e+03 9.886950e-03 4.130771e-03
5.812637e+03 1.236984e-02 4.217627e-03
5.814928e+03 1.419694e-02 4.643570e-03
5.817223e+03 1.498154e-02 4.640746e-03
5.819514e+03 1.387733e-02 4.116680e-03
5.821806e+03 1.243966e-02 4.570642e-03
5.824097e+03 8.662041e-03 4.494957e-03
5.826388e+03 1.038823e-02 4.850830e-03
5.828680e+03 1.450759e-02 3.738288e-03
5.830971e+03 1.628698e-02 4.595776e-03
5.833263e+03 1.503148e-02 4.200630e-03
5.835554e+03 1.293530e-02 4.360341e-03
5.837845e+03 1.498930e-02 3.917562e-03
5.840137e+03 1.571501e-02 4.693766e-03
5.842428e+03 1.716929e-02 4.206154e-03
5.844723e+03 1.832653e-02 4.074429e-03
5.847014e+03 1.857304e-02 4.094025e-03
5.849306e+03 1.826471e-02 4.026755e-03
5.851597e+03 1.760051e-02 3.656848e-03
5.853888e+03 1.911079e-02 4.007100e-03
5.856180e+03 2.361376e-02 4.951408e-03
5.858471e+03 2.278422e-02 4.696390e-03
5.860763e+03 1.880509e-02 3.698809e-03
5.863054e+03 1.744317e-02 4.284436e-03
5.865345e+03 1.768687e-02 4.668304e-03
5.867637e+03 1.733092e-02 4.825199e-03
5.869928e+03 1.610353e-02 4.147073e-03
5.872219e+03 1.627718e-02 4.186282e-03
5.874511e+03 1.657973e-02 4.385208e-03
5.876802e+03 1.797787e-02 4.416011e-03
5.879094e+03 1.725206e-02 3.931240e-03
5.881385e+03 1.392039e-02 4.480415e-03
5.883676e+03 1.666628e-02 4.519621e-03
5.885968e+03 1.765250e-02 4.284233e-03
5.888259e+03 1.719570e-02 3.981602e-03
5.890550e+03 1.593754e-02 4.076851e-03
5.892842e+03 8.700041e-03 4.152483e-03
5.895133e+03 6.472463e-03 3.771401e-03
5.897428e+03 9.599376e-03 3.129743e-03
5.899719e+03 9.918748e-03 3.505185e-03
5.902011e+03 1.120757e-02 4.113180e-03
5.904302e+03 1.492842e-02 4.242046e-03
5.906594e+03 1.584736e-02 4.087926e-03
5.908885e+03 1.369546e-02 4.356883e-03
5.911176e+03 1.497024e-02 4.071076e-03
5.913468e+03 1.489172e-02 4.401674e-03
5.915759e+03 1.100273e-02 4.438075e-03
5.918050e+03 1.193568e-02 4.368011e-03
5.920342e+03 1.379041e-02 4.443638e-03
5.922629e+03 1.344573e-02 3.502222e-03
5.924921e+03 1.482694e-02 4.241871e-03
5.927212e+03 1.529756e-02 4.093358e-03
5.929504e+03 1.167204e-02 3.852391e-03
5.931795e+03 1.078664e-02 4.550004e-03
5.934086e+03 1.243681e-02 4.182958e-03
5.936378e+03 1.088461e-02 3.894363e-03
5.938669e+03 1.058758e-02 3.964388e-03
5.940960e+03 1.340882e-02 4.107255e-03
5.943252e+03 1.190426e-02 4.196891e-03
5.945543e+03 1.077234e-02 4.502252e-03
5.947835e+03 1.111129e-02 4.241680e-03
5.950126e+03 1.322647e-02 4.140802e-03
5.952417e+03 1.447313e-02 4.667487e-03
5.954709e+03 1.167987e-02 4.586219e-03
5.957000e+03 8.584062e-03 3.902611e-03
5.959291e+03 1.034061e-02 4.317226e-03
5.961583e+03 1.013885e-02 4.897128e-03
5.963874e+03 9.303943e-03 4.339599e-03
5.966165e+03 1.258730e-02 4.395611e-03
5.968457e+03 1.310553e-02 4.538470e-03
5.970748e+03 1.186720e-02 4.160245e-03
5.973040e+03 1.169906e-02 4.513213e-03
5.975327e+03 1.151971e-02 4.050949e-03
5.977619e+03 1.097617e-02 3.854829e-03
5.979910e+03 1.093971e-02 3.852010e-03
5.982201e+03 1.075476e-02 3.821177e-03
5.984493e+03 7.919661e-03 4.076089e-03
5.986784e+03 7.664696e-03 4.101284e-03
5.989076e+03 9.317495e-03 4.333784e-03
5.991367e+03 1.161740e-02 4.420609e-03
5.993658e+03 1.320574e-02 3.865912e-03
5.995950e+03 1.077129e-02 3.675402e-03
5.998241e+03 7.375985e-03 4.157220e-03
6.000532e+03 6.594377e-03 4.165608e-03
6.002820e+03 8.409614e-03 3.728580e-03
6.005112e+03 9.818643e-03 4.384074e-03
6.007403e+03 8.686872e-03 3.863010e-03
6.009694e+03 5.725858e-03 3.891008e-03
6.011986e+03 8.882884e-03 4.154310e-03
6.014277e+03 1.186340e-02 4.224324e-03
6.016568e+03 1.245722e-02 5.078690e-03
6.018860e+03 1.277931e-02 4.930202e-03
6.021151e+03 9.524213e-03 4.308305e-03
6.023439e+03 6.921830e-03 4.776093e-03
6.025730e+03 7.277556e-03 3.745224e-03
6.028022e+03 7.874180e-03 3.868462e-03
6.030313e+03 7.459568e-03 3.829228e-03
6.032604e+03 9.151449e-03 3.918849e-03
6.034896e+03 8.661204e-03 3.350195e-03
6.037187e+03 1.039228e-02 3.848785e-03
6.039475e+03 1.085723e-02 3.521034e-03
6.041766e+03 8.784341e-03 3.515418e-03
6.044058e+03 9.204472e-03 3.896353e-03
6.046349e+03 6.025177e-03 3.621828e-03
6.048640e+03 5.672215e-03 3.266075e-03
6.050932e+03 6.548929e-03 3.845885e-03
6.053223e+03 7.576893e-03 4.095162e-03
6.055511e+03 9.095034e-03 4.089544e-03
6.057802e+03 8.386329e-03 4.470468e-03
6.060094e+03 9.963275e-03 4.806573e-03
6.062385e+03 1.303315e-02 4.341582e-03
6.064676e+03 1.162699e-02 4.069867e-03
6.066968e+03 8.596260e-03 3.941003e-03
6.069255e+03 7.551456e-03 4.517989e-03
6.071547e+03 7.713880e-03 4.153843e-03
6.073838e+03 9.344008e-03 4.103408e-03
6.076129e+03 1.069963e-02 4.125798e-03
6.078421e+03 1.008898e-02 3.896103e-03
6.080712e+03 9.083403e-03 3.700022e-03
6.083000e+03 9.509104e-03 4.052923e-03
6.085291e+03 1.250043e-02 4.178946e-03
6.087583e+03 1.182536e-02 4.069692e-03
6.089874e+03 9.349332e-03 4.190113e-03
6.092165e+03 8.741504e-03 4.310535e-03
6.094453e+03 8.985141e-03 3.506670e-03
6.096745e+03 8.430536e-03 4.069625e-03
6.099036e+03 8.279257e-03 4.013592e-03
6.101327e+03 9.035442e-03 3.795111e-03
6.103619e+03 9.993283e-03 3.837106e-03
6.105906e+03 1.113316e-02 3.727860e-03
6.108198e+03 1.112191e-02 4.077940e-03
6.110489e+03 9.965149e-03 6.343749e-03
6.465928e+03 9.544916e-04 5.122345e-03
6.468216e+03 1.650061e-02 4.285401e-03
6.470507e+03 1.562724e-02 4.338568e-03
6.472795e+03 1.369863e-02 4.097831e-03
6.475083e+03 1.046567e-02 3.680759e-03
6.477374e+03 1.101704e-02 3.896270e-03
6.479662e+03 1.684180e-02 4.282523e-03
6.481950e+03 1.884304e-02 4.400067e-03
6.484241e+03 1.496074e-02 4.436441e-03
6.486529e+03 1.299019e-02 4.791897e-03
6.488817e+03 1.465274e-02 4.901043e-03
6.491108e+03 1.536364e-02 4.374817e-03
6.493396e+03 1.194883e-02 4.374800e-03
6.495683e+03 9.079847e-03 4.184456e-03
6.497975e+03 9.426885e-03 4.523113e-03
6.500263e+03 3.654026e-02 4.996121e-03
6.502550e+03 4.488377e-02 4.758192e-03
6.504842e+03 2.179245e-02 5.010080e-03
6.507129e+03 1.966799e-02 5.575443e-03
6.509417e+03 2.038165e-02 5.166783e-03
6.511709e+03 1.765265e-02 4.528617e-03
6.513996e+03 1.492087e-02 3.512605e-03
6.516284e+03 1.180007e-02 4.357853e-03
6.518576e+03 1.103874e-02 4.623732e-03
6.520863e+03 1.343173e-02 4.534152e-03
6.523151e+03 1.697502e-02 4.027544e-03
6.525439e+03 1.540481e-02 4.363391e-03
6.527730e+03 1.366669e-02 4.802792e-03
6.530018e+03 1.703642e-02 4.970704e-03
6.532306e+03 1.999190e-02 5.398905e-03
6.534597e+03 1.766323e-02 4.654407e-03
6.536885e+03 1.400235e-02 4.077837e-03
6.539173e+03 1.247697e-02 4.335313e-03
6.541460e+03 1.174365e-02 4.231744e-03
6.543752e+03 7.741377e-03 4.005029e-03
6.546040e+03 1.102709e-02 4.209323e-03
6.548327e+03 1.578491e-02 4.503177e-03
6.550615e+03 1.565332e-02 4.654293e-03
6.552906e+03 1.377252e-02 5.342762e-03
6.555194e+03 1.138517e-02 4.102916e-03
6.557482e+03 1.476317e-02 4.945311e-03
6.559770e+03 1.579024e-02 3.599121e-03
6.562061e+03 1.141584e-02 4.449910e-03
6.564349e+03 1.211827e-02 4.494673e-03
6.566637e+03 1.751685e-02 4.942445e-03
6.568924e+03 2.052255e-02 4.413481e-03
6.571216e+03 2.154399e-02 4.869645e-03
6.573504e+03 1.939456e-02 5.029153e-03
6.575791e+03 1.547362e-02 4.805244e-03
6.578079e+03 1.733465e-02 5.023521e-03
6.580367e+03 1.667411e-02 5.026304e-03
6.582658e+03 1.319260e-02 5.348125e-03
6.584946e+03 1.524112e-02 4.973095e-03
6.587234e+03 1.849862e-02 4.768781e-03
6.589522e+03 1.594906e-02 4.617644e-03
6.591809e+03 1.189669e-02 5.398426e-03
6.594101e+03 9.559856e-03 5.280869e-03
6.596388e+03 7.472112e-03 5.126932e-03
6.598676e+03 1.048611e-02 5.210871e-03
6.600964e+03 9.987934e-03 5.681005e-03
6.603252e+03 1.101495e-02 4.889005e-03
6.605543e+03 1.170895e-02 5.261192e-03
6.607831e+03 7.628701e-03 5.062480e-03
6.610119e+03 1.011373e-02 5.848839e-03
6.612406e+03 1.452410e-02 5.994339e-03
6.614694e+03 1.773110e-02 6.579198e-03
6.616986e+03 2.507139e-02 7.049318e-03
6.619273e+03 2.499575e-02 7.676147e-03
6.621561e+03 1.663393e-02 5.577292e-03
6.623849e+03 1.076277e-02 5.317020e-03
6.626137e+03 1.143155e-02 4.054914e-03
6.628424e+03 9.349496e-03 4.091279e-03
6.630712e+03 6.948435e-03 4.298347e-03
6.633004e+03 1.009101e-02 5.000731e-03
6.635291e+03 1.068144e-02 4.944747e-03
6.637579e+03 7.580799e-03 4.561352e-03
6.639867e+03 6.814022e-03 4.463393e-03
6.642155e+03 8.602148e-03 4.681651e-03
6.644442e+03 6.097599e-03 4.885914e-03
6.646730e+03 3.814135e-03 4.454956e-03
6.649022e+03 7.228083e-03 4.558477e-03
6.651309e+03 1.429662e-02 5.221666e-03
6.653597e+03 1.640650e-02 4.807498e-03
6.655885e+03 1.452878e-02 4.698350e-03
6.658173e+03 1.332827e-02 4.435293e-03
6.660460e+03 1.316033e-02 4.138661e-03
6.662748e+03 1.288046e-02 4.228194e-03
6.665036e+03 1.075653e-02 4.885772e-03
6.667327e+03 1.056062e-02 4.846580e-03
6.669615e+03 1.420950e-02 4.885739e-03
6.671903e+03 1.513567e-02 4.309286e-03
6.674191e+03 1.439969e-02 5.095573e-03
6.676478e+03 1.318801e-02 5.014408e-03
6.678766e+03 1.042333e-02 5.098339e-03
6.681054e+03 1.072830e-02 5.005982e-03
6.683342e+03 9.295594e-03 5.613173e-03
6.685629e+03 6.253941e-03 6.144812e-03
6.687917e+03 3.897857e-03 5.355706e-03
6.690205e+03 4.205642e-03 4.921973e-03
6.692496e+03 6.332228e-03 4.491040e-03
6.694784e+03 8.889714e-03 5.182167e-03
6.697072e+03 1.230341e-02 4.381883e-03
6.699360e+03 1.155907e-02 4.482603e-03
6.701647e+03 8.696557e-03 5.433949e-03
6.703935e+03 5.959978e-03 5.649385e-03
6.706223e+03 3.492030e-03 5.000208e-03
6.708511e+03 7.426139e-03 4.723181e-03
6.710799e+03 9.857652e-03 4.370608e-03
6.713086e+03 1.021018e-02 4.437747e-03
6.715374e+03 1.033886e-02 4.250261e-03
6.717662e+03 9.071301e-03 4.538450e-03
6.719950e+03 1.218270e-02 4.608387e-03
6.722237e+03 1.422803e-02 4.588785e-03
6.724525e+03 1.193920e-02 5.151173e-03
6.726813e+03 1.201191e-02 5.204321e-03
6.729101e+03 1.207063e-02 4.706256e-03
6.731388e+03 1.058205e-02 4.073893e-03
6.733676e+03 1.272528e-02 3.928385e-03
6.735964e+03 1.048405e-02 5.215447e-03
6.738252e+03 7.064892e-03 4.543916e-03
6.740540e+03 6.796266e-03 5.030746e-03
6.742827e+03 6.787851e-03 4.809692e-03
6.745115e+03 6.275803e-03 4.798486e-03
6.747403e+03 5.318888e-03 4.353597e-03
6.749691e+03 4.431926e-03 4.146537e-03
6.751978e+03 6.742998e-03 4.065383e-03
6.754266e+03 9.135194e-03 4.401121e-03
6.756554e+03 1.050054e-02 4.610950e-03
6.758842e+03 1.101532e-02 4.532595e-03
6.761129e+03 8.877702e-03 4.893509e-03
6.763417e+03 4.040138e-03 6.149741e-03
